Date,Open,High,Low,Close,Volume
2008-03-05,25.34,25.73,25.26,25.56,248600.0
2008-03-06,25.26,25.33,24.35,24.35,156500.0
2008-03-07,23.78,24.11,23.67,23.87,107300.0
2008-03-10,24.08,24.32,23.29,23.32,170000.0
2008-03-11,25.2,25.96,25.05,25.91,137800.0
2008-03-12,25.36,25.36,24.76,24.76,95400.0
2008-03-13,23.54,24.1,23.4,24.08,95600.0
2008-03-14,24.62,24.62,23.36,23.67,92700.0
2008-03-17,22.97,23.0,22.25,22.81,69400.0
2008-03-18,23.1,23.87,22.5,23.82,113900.0
2008-03-19,23.68,23.68,22.58,22.58,55200.0
2008-03-20,22.81,23.15,22.32,23.15,62500.0
2008-03-24,23.36,24.24,23.36,23.92,64100.0
2008-03-25,25.06,25.23,24.83,25.12,63400.0
2008-03-26,24.96,24.96,24.5,24.59,100500.0
2008-03-27,24.93,24.97,24.46,24.54,28700.0
2008-03-28,25.47,25.47,24.86,24.88,112900.0
2008-03-31,24.14,24.71,24.03,24.53,183300.0
2008-04-01,24.53,25.38,24.53,25.3,115400.0
2008-04-02,24.7,24.77,24.4,24.63,77500.0
2008-04-03,24.38,24.69,24.38,24.66,84700.0
2008-04-04,24.08,24.17,23.84,24.01,68200.0
2008-04-07,24.54,24.75,24.41,24.52,75300.0
2008-04-08,24.29,24.29,24.03,24.22,69500.0
2008-04-09,24.5,24.5,24.0,24.11,44200.0
2008-04-10,24.4,24.43,24.11,24.39,33500.0
2008-04-11,23.99,24.18,23.86,23.96,70000.0
2008-04-14,23.86,23.89,23.71,23.85,32700.0
2008-04-15,25.28,25.41,24.8,25.2,69900.0
2008-04-16,25.51,25.9,25.4,25.9,152500.0
2008-04-17,25.69,25.72,25.31,25.56,156800.0
2008-04-18,25.99,26.29,25.96,26.19,127400.0
2008-04-21,25.89,26.24,25.89,26.24,45600.0
2008-04-22,26.1,26.13,25.75,25.93,176400.0
2008-04-23,26.04,26.24,25.75,26.22,60600.0
2008-04-24,26.24,26.58,25.83,26.39,111200.0
2008-04-25,26.6,26.85,26.39,26.71,97400.0
2008-04-28,26.52,26.55,26.29,26.41,70600.0
2008-04-29,26.95,26.95,26.45,26.63,62400.0
2008-04-30,26.76,26.88,26.5,26.68,96200.0
2008-05-01,26.45,27.23,26.45,27.08,116400.0
2008-05-02,27.21,27.28,26.92,27.15,166600.0
2008-05-05,27.08,27.08,26.69,26.81,33800.0
2008-05-06,26.35,26.68,26.14,26.68,83600.0
2008-05-07,26.28,26.36,25.5,25.6,53300.0
2008-05-08,25.54,25.59,25.26,25.45,46600.0
2008-05-09,25.19,25.28,25.0,25.06,26200.0
2008-05-12,25.0,25.15,24.75,25.14,71700.0
2008-05-13,24.78,24.78,24.41,24.64,72200.0
2008-05-14,24.96,25.1,24.8,24.9,63300.0
2008-05-15,25.15,25.58,25.06,25.57,29500.0
2008-05-16,25.52,25.52,25.17,25.37,122400.0
2008-05-19,25.39,25.83,25.39,25.54,50500.0
2008-05-20,25.26,25.26,24.78,24.93,65700.0
2008-05-21,25.02,25.13,24.55,24.63,37400.0
2008-05-22,24.6,24.74,24.41,24.61,68300.0
2008-05-23,24.37,24.38,23.96,23.98,144800.0
2008-05-27,23.63,23.89,23.58,23.89,43300.0
2008-05-28,24.04,24.17,23.96,24.04,75200.0
2008-05-29,23.74,24.3,23.69,24.18,124800.0
2008-05-30,24.28,24.57,24.12,24.53,124300.0
2008-06-02,24.13,24.15,23.26,23.49,143800.0
2008-06-03,23.48,23.55,23.02,23.2,27600.0
2008-06-04,22.72,22.85,22.51,22.6,91800.0
2008-06-05,23.06,23.34,22.81,23.32,60700.0
2008-06-06,22.7,22.7,22.1,22.11,66600.0
2008-06-09,22.02,22.2,21.86,21.99,107300.0
2008-06-10,21.66,21.85,21.61,21.68,59900.0
2008-06-11,22.0,22.0,21.3,21.32,97100.0
2008-06-12,21.85,22.41,21.85,22.24,42800.0
2008-06-13,22.18,22.4,22.01,22.4,43500.0
2008-06-16,22.21,22.35,22.15,22.23,16800.0
2008-06-17,22.84,22.84,22.43,22.5,36600.0
2008-06-18,22.21,22.21,21.91,22.13,79500.0
2008-06-19,22.14,22.14,21.73,22.07,35000.0
2008-06-20,21.21,21.21,20.78,20.87,66200.0
2008-06-23,20.79,20.88,20.5,20.56,58300.0
2008-06-24,20.18,20.28,19.88,20.0,164800.0
2008-06-25,20.26,20.96,20.26,20.75,183600.0
2008-06-26,20.62,20.7,19.93,19.99,195300.0
2008-06-27,19.8,20.06,19.42,19.78,93600.0
2008-06-30,19.5,19.62,19.24,19.31,82400.0
2008-07-01,18.56,18.92,18.27,18.92,99700.0
2008-07-02,19.75,19.8,19.05,19.05,129800.0
2008-07-03,19.04,19.19,18.62,19.0,131800.0
2008-07-07,19.5,19.6,19.01,19.18,47300.0
2008-07-08,19.45,19.71,19.0,19.71,127500.0
2008-07-09,20.2,20.23,19.56,19.56,92200.0
2008-07-10,19.9,20.1,19.78,19.98,110700.0
2008-07-11,19.37,19.44,18.92,19.19,103400.0
2008-07-14,19.38,19.58,19.05,19.1,89600.0
2008-07-15,18.99,18.99,17.98,18.54,143700.0
2008-07-16,18.58,19.1,18.49,19.08,84100.0
2008-07-17,19.38,19.65,18.98,19.58,220200.0
2008-07-18,19.9,19.9,19.63,19.74,91000.0
2008-07-21,19.88,19.93,19.69,19.76,75700.0
2008-07-22,20.21,20.98,19.99,20.98,169800.0
2008-07-23,21.89,21.95,21.49,21.9,175800.0
2008-07-24,21.78,21.78,20.78,20.87,74700.0
2008-07-25,20.85,21.08,20.84,21.02,81500.0
2008-07-28,20.93,21.05,20.43,20.43,20100.0
2008-07-29,20.24,20.84,20.24,20.84,54400.0
2008-07-30,21.18,21.37,20.94,21.06,127400.0
2008-07-31,20.82,20.96,20.6,20.66,23400.0
2008-08-01,21.2,21.41,20.98,21.35,62700.0
2008-08-04,21.45,21.45,20.95,21.35,33700.0
2008-08-05,21.85,22.49,21.81,22.49,39200.0
2008-08-06,22.05,22.44,21.97,22.3,119200.0
2008-08-07,22.0,22.02,21.58,21.65,51600.0
2008-08-08,21.91,22.56,21.84,22.48,90700.0
2008-08-11,22.55,22.82,22.39,22.6,161300.0
2008-08-12,22.07,22.07,21.59,21.7,72500.0
2008-08-13,21.5,21.61,21.31,21.6,81100.0
2008-08-14,20.84,21.56,20.83,21.4,106700.0
2008-08-15,21.45,21.48,21.22,21.4,23500.0
2008-08-18,20.91,20.91,20.23,20.38,29500.0
2008-08-19,20.51,20.51,20.07,20.35,32100.0
2008-08-20,20.62,20.8,20.44,20.8,24100.0
2008-08-21,20.13,20.34,20.01,20.26,42600.0
2008-08-22,20.35,20.75,20.35,20.75,8900.0
2008-08-25,20.29,20.29,19.86,19.89,72100.0
2008-08-26,20.2,20.42,20.11,20.2,75600.0
2008-08-27,20.24,20.4,20.22,20.25,24500.0
2008-08-28,19.86,20.22,19.76,20.21,50000.0
2008-08-29,20.36,20.36,20.07,20.2,16700.0
2008-09-02,21.04,21.04,20.48,20.5,24700.0
2008-09-03,20.92,20.92,20.45,20.65,26700.0
2008-09-04,20.35,20.35,19.7,19.7,29000.0
2008-09-05,19.8,20.13,19.48,20.13,40900.0
2008-09-08,20.53,20.58,19.9,19.92,24600.0
2008-09-09,20.33,20.33,19.34,19.34,24600.0
2008-09-10,19.9,19.9,19.48,19.59,25900.0
2008-09-11,19.01,19.43,18.78,19.43,46600.0
2008-09-12,18.45,19.09,18.45,18.92,49900.0
2008-09-15,17.89,18.1,17.51,17.54,77000.0
2008-09-16,16.79,17.74,16.79,17.71,60900.0
2008-09-17,16.95,17.19,16.41,16.51,77000.0
2008-09-18,17.1,17.79,16.55,17.58,54700.0
2008-09-19,21.0,21.0,18.73,19.12,63700.0
2008-09-22,19.95,20.56,18.2,18.36,224600.0
2008-09-23,18.17,18.47,17.88,18.01,53200.0
2008-09-24,18.17,18.18,17.9,17.99,36900.0
2008-09-25,17.97,18.56,17.9,18.36,52600.0
2008-09-26,17.52,17.8,17.3,17.61,93500.0
2008-09-29,16.99,17.0,15.15,15.66,229800.0
2008-09-30,16.49,16.96,16.36,16.96,83500.0
2008-10-01,17.07,17.25,16.58,17.06,67200.0
2008-10-02,17.04,17.05,16.25,16.32,90300.0
2008-10-03,16.11,16.64,15.6,15.62,100600.0
2008-10-06,14.83,14.9,13.69,14.54,228800.0
2008-10-07,14.87,15.0,13.91,14.01,80000.0
2008-10-08,14.24,14.75,13.84,14.11,169300.0
2008-10-09,14.49,14.73,13.32,13.51,111300.0
2008-10-10,12.93,13.56,12.21,13.3,167100.0
2008-10-13,14.0,15.44,13.9,15.4,114600.0
2008-10-14,14.2,16.34,13.87,14.18,189900.0
2008-10-15,13.55,13.61,12.51,12.63,77700.0
2008-10-16,13.33,13.61,12.45,13.58,134000.0
2008-10-17,12.36,13.33,12.32,12.8,80400.0
2008-10-20,12.57,13.2,12.55,13.2,119200.0
2008-10-21,13.17,13.27,12.83,12.9,83200.0
2008-10-22,12.54,12.54,11.42,11.91,189400.0
2008-10-23,11.93,12.18,11.33,11.84,62300.0
2008-10-24,10.51,11.0,10.14,10.71,194300.0
2008-10-27,10.69,10.98,10.4,10.4,88000.0
2008-10-28,11.74,11.74,10.66,11.6,68500.0
2008-10-29,11.23,11.81,11.14,11.51,80700.0
2008-10-30,11.89,12.4,11.77,12.28,134600.0
2008-10-31,12.25,12.44,11.94,12.26,65000.0
2008-11-03,12.81,12.85,12.52,12.79,209400.0
2008-11-04,13.58,13.83,13.26,13.8,182800.0
2008-11-05,12.73,13.96,12.2,12.43,287800.0
2008-11-06,12.22,12.52,11.7,11.77,58100.0
2008-11-07,12.56,12.96,12.49,12.79,117200.0
2008-11-10,13.29,13.36,12.86,13.16,69932.0
2008-11-11,12.29,12.49,12.0,12.27,116052.0
2008-11-12,11.73,11.73,11.13,11.13,68658.0
2008-11-13,11.45,12.35,10.98,12.35,215366.0
2008-11-14,11.65,12.0,11.33,11.33,233593.0
2008-11-17,11.47,11.74,11.32,11.4,62871.0
2008-11-18,11.22,11.44,10.89,11.19,92237.0
2008-11-19,10.76,10.9,10.08,10.08,71405.0
2008-11-20,10.21,10.29,9.55,9.58,115872.0
2008-11-21,10.51,11.18,10.11,11.17,137718.0
2008-11-24,10.99,11.79,10.87,11.68,194308.0
2008-11-25,11.0,11.05,10.65,10.82,111107.0
2008-11-26,10.96,11.6,10.96,11.28,171239.0
2008-11-27,,,,11.28,0.0
2008-11-28,10.97,11.16,10.8,10.83,109749.0
2008-12-01,10.35,10.49,9.86,10.01,125782.0
2008-12-02,10.64,10.97,10.44,10.97,76039.0
2008-12-03,10.62,11.21,10.41,11.21,33396.0
2008-12-04,11.06,11.28,10.76,10.95,141532.0
2008-12-05,10.75,11.28,10.54,11.28,32517.0
2008-12-08,11.54,11.72,11.26,11.59,85164.0
2008-12-09,11.25,11.64,11.24,11.44,69628.0
2008-12-10,11.89,12.18,11.85,12.03,120151.0
2008-12-11,12.15,12.47,11.7,11.84,80751.0
2008-12-12,11.99,12.29,11.92,12.22,503493.0
2008-12-15,12.2,12.26,12.0,12.16,58589.0
2008-12-16,12.65,13.02,12.42,12.96,103469.0
2008-12-17,12.25,12.75,12.19,12.62,86252.0
2008-12-18,13.21,13.21,12.6,12.7,38979.0
2008-12-19,13.18,13.26,12.78,12.84,109909.0
2008-12-22,12.82,12.82,12.27,12.49,84307.0
2008-12-23,12.21,12.22,11.88,12.02,46799.0
2008-12-24,12.09,12.22,11.75,12.17,35259.0
2008-12-25,,,,12.17,0.0
2008-12-26,11.75,11.95,11.37,11.68,62370.0
2008-12-29,11.92,12.11,11.79,12.11,124059.0
2008-12-30,12.25,12.53,12.23,12.53,121723.0
2008-12-31,12.3,12.53,12.18,12.36,112604.0
2009-01-01,,,,12.36,0.0
2009-01-02,12.6,13.09,12.56,13.03,70664.0
2009-01-05,13.1,13.11,12.8,13.05,67654.0
2009-01-06,13.11,13.18,12.89,13.03,84426.0
2009-01-07,12.3,12.3,11.86,12.09,300077.0
2009-01-08,11.76,11.92,11.73,11.82,238732.0
2009-01-09,12.17,12.21,11.72,11.84,348142.0
2009-01-12,11.83,11.83,11.19,11.19,248153.0
2009-01-13,11.49,11.51,11.21,11.34,79508.0
2009-01-14,11.67,11.67,11.16,11.22,69761.0
2009-01-15,11.15,11.4,10.82,11.31,80800.0
2009-01-16,11.51,11.86,11.2,11.42,69760.0
2009-01-20,11.38,11.38,10.81,10.85,65839.0
2009-01-21,11.2,11.31,10.84,11.29,55874.0
2009-01-22,10.8,10.97,10.65,10.89,68914.0
2009-01-23,10.8,11.25,10.8,11.11,45366.0
2009-01-26,11.35,11.45,11.15,11.31,25980.0
2009-01-27,11.29,11.52,11.25,11.42,35117.0
2009-01-28,11.67,12.11,11.61,12.0,70826.0
2009-01-29,11.74,11.74,11.5,11.5,25926.0
2009-01-30,11.81,11.95,11.56,11.67,61987.0
2009-02-02,11.51,11.69,11.44,11.53,77612.0
2009-02-03,11.69,11.84,11.44,11.8,66074.0
2009-02-04,11.8,11.85,11.59,11.59,48595.0
2009-02-05,11.55,11.98,11.44,11.79,232122.0
2009-02-06,11.97,12.15,11.97,12.05,319215.0
2009-02-09,12.29,12.38,12.06,12.33,61287.0
2009-02-10,12.26,12.37,11.62,11.66,148034.0
2009-02-11,11.93,12.17,11.9,12.14,79078.0
2009-02-12,11.68,12.11,11.68,12.03,50078.0
2009-02-13,12.18,12.2,11.96,11.98,132220.0
2009-02-17,11.06,11.22,10.94,11.1,94796.0
2009-02-18,11.16,11.28,11.04,11.08,23992.0
2009-02-19,11.25,11.35,11.07,11.07,26071.0
2009-02-20,11.0,11.11,10.76,10.95,137171.0
2009-02-23,11.0,11.39,10.63,10.65,156853.0
2009-02-24,10.77,11.22,10.77,11.18,84684.0
2009-02-25,10.93,11.17,10.78,10.91,58784.0
2009-02-26,11.01,11.18,10.77,10.82,35208.0
2009-02-27,10.45,10.76,10.45,10.55,44059.0
2009-03-02,10.12,10.29,9.83,9.91,130599.0
2009-03-03,9.89,10.12,9.75,9.93,48315.0
2009-03-04,10.33,10.47,10.15,10.34,29445.0
2009-03-05,10.12,10.12,9.54,9.7,100363.0
2009-03-06,9.96,10.19,9.73,10.0,78666.0
2009-03-09,9.75,10.02,9.63,9.69,141344.0
2009-03-10,9.98,10.44,9.85,10.37,68192.0
2009-03-11,10.5,10.65,10.27,10.35,96117.0
2009-03-12,9.86,10.48,9.86,10.48,54331.0
2009-03-13,10.55,10.59,10.39,10.57,27242.0
2009-03-16,10.72,10.95,10.66,10.71,44633.0
2009-03-17,10.65,10.92,10.6,10.87,40199.0
2009-03-18,10.9,11.19,10.75,11.16,44113.0
2009-03-19,11.31,11.31,11.0,11.06,101012.0
2009-03-20,11.13,11.28,10.91,11.01,65196.0
2009-03-23,11.37,12.05,11.37,12.03,78000.0
2009-03-24,11.55,12.1,11.29,11.48,191169.0
2009-03-25,11.82,12.03,11.63,11.94,337220.0
2009-03-26,12.18,12.34,12.01,12.33,140197.0
2009-03-27,12.24,12.25,11.75,12.04,67067.0
2009-03-30,11.72,12.01,11.39,11.48,56275.0
2009-03-31,12.08,12.12,11.81,11.99,33827.0
2009-04-01,12.15,12.43,11.98,12.42,448866.0
2009-04-02,12.46,13.15,12.46,12.93,140801.0
2009-04-03,13.0,13.2,12.71,13.09,62698.0
2009-04-06,13.17,13.17,12.81,12.95,74755.0
2009-04-07,13.75,13.75,12.72,12.98,47331.0
2009-04-08,13.45,13.58,13.39,13.58,81010.0
2009-04-09,14.65,14.65,13.62,13.9,244131.0
2009-04-10,,,,13.9,0.0
2009-04-13,14.5,14.5,13.65,14.0,421963.0
2009-04-14,13.76,13.96,13.66,13.66,245399.0
2009-04-15,13.81,14.63,13.81,14.26,514053.0
2009-04-16,13.82,14.04,13.6,13.79,182282.0
2009-04-17,13.84,13.91,13.7,13.73,785993.0
2009-04-20,13.6,13.78,13.3,13.39,173435.0
2009-04-21,13.34,13.75,13.25,13.67,94412.0
2009-04-22,13.26,13.7,13.26,13.31,88366.0
2009-04-23,13.67,13.93,13.67,13.93,268355.0
2009-04-24,14.29,14.39,14.15,14.3,125746.0
2009-04-27,13.95,14.13,13.85,13.95,87261.0
2009-04-28,13.41,13.76,13.38,13.57,124490.0
2009-04-29,13.96,14.46,13.96,14.2,172430.0
2009-04-30,14.35,14.55,14.24,14.24,120020.0
2009-05-01,13.94,14.51,13.94,14.41,54675.0
2009-05-04,14.76,15.25,14.66,15.25,300238.0
2009-05-05,15.03,15.1,14.87,15.08,168968.0
2009-05-06,15.01,15.16,14.75,14.95,143518.0
2009-05-07,15.16,15.16,14.61,14.75,75247.0
2009-05-08,14.75,15.14,14.75,15.11,320989.0
2009-05-11,14.65,14.72,14.46,14.47,459850.0
2009-05-12,15.0,15.13,14.7,14.86,264677.0
2009-05-13,14.56,14.62,14.17,14.2,359534.0
2009-05-14,14.45,14.77,14.42,14.65,118939.0
2009-05-15,14.92,15.04,14.75,14.75,52577.0
2009-05-18,17.95,18.39,17.66,18.18,579452.0
2009-05-19,17.89,18.29,17.55,17.68,368447.0
2009-05-20,17.7,18.09,17.35,17.57,535013.0
2009-05-21,17.64,17.78,17.52,17.62,441630.0
2009-05-22,17.91,18.09,17.81,17.94,149087.0
2009-05-25,,,,17.94,0.0
2009-05-26,17.4,17.98,17.06,17.87,242782.0
2009-05-27,18.13,18.45,17.85,17.88,322785.0
2009-05-28,18.29,18.5,18.12,18.49,251787.0
2009-05-29,18.89,19.35,18.62,18.99,869920.0
2009-06-01,19.36,19.66,19.25,19.5,400009.0
2009-06-02,19.26,19.43,19.1,19.39,546408.0
2009-06-03,19.57,19.96,18.8,19.0,287881.0
2009-06-04,19.53,19.55,19.24,19.54,311918.0
2009-06-05,19.72,19.73,19.33,19.51,302365.0
2009-06-08,18.72,18.89,18.45,18.64,284917.0
2009-06-09,19.22,19.38,19.19,19.29,199945.0
2009-06-10,19.81,19.82,19.35,19.66,237810.0
2009-06-11,19.56,19.79,19.53,19.58,347948.0
2009-06-12,19.34,19.44,19.21,19.44,146407.0
2009-06-15,19.02,19.55,18.56,18.74,597379.0
2009-06-16,19.06,19.15,18.51,18.76,265946.0
2009-06-17,18.35,18.43,18.05,18.25,331589.0
2009-06-18,18.04,18.1,17.69,17.95,234058.0
2009-06-19,18.13,18.33,18.09,18.15,529770.0
2009-06-22,18.38,18.38,17.14,17.15,257049.0
2009-06-23,17.52,17.72,17.07,17.57,166767.0
2009-06-24,17.96,18.16,17.83,17.89,336986.0
2009-06-25,17.62,18.13,17.58,18.04,425718.0
2009-06-26,18.33,18.61,18.28,18.52,223096.0
2009-06-29,18.64,18.8,18.53,18.77,330851.0
2009-06-30,18.42,18.42,18.01,18.11,155532.0
2009-07-01,18.6,18.63,18.35,18.47,194869.0
2009-07-02,18.34,18.41,18.09,18.09,176480.0
2009-07-03,,,,18.09,0.0
2009-07-06,17.59,17.69,17.35,17.62,164355.0
2009-07-07,17.63,17.66,17.25,17.29,197860.0
2009-07-08,16.91,17.11,16.5,16.67,332771.0
2009-07-09,17.04,17.21,16.96,17.07,86903.0
2009-07-10,16.69,16.89,16.63,16.66,342343.0
2009-07-13,16.66,16.97,16.48,16.94,156871.0
2009-07-14,17.2,17.45,17.03,17.13,369539.0
2009-07-15,17.84,18.16,17.71,18.07,213049.0
2009-07-16,17.8,18.09,17.67,18.06,287003.0
2009-07-17,18.27,18.35,18.16,18.33,172252.0
2009-07-20,18.77,19.03,18.77,18.98,386335.0
2009-07-21,18.86,18.97,18.5,18.74,171350.0
2009-07-22,18.45,18.64,18.25,18.53,139156.0
2009-07-23,18.86,19.44,18.86,19.34,265801.0
2009-07-24,19.24,19.34,19.0,19.34,172403.0
2009-07-27,19.25,19.34,19.01,19.28,187100.0
2009-07-28,19.21,19.27,18.91,19.18,165355.0
2009-07-29,18.92,18.98,18.73,18.86,170488.0
2009-07-30,19.13,19.47,19.13,19.21,151449.0
2009-07-31,19.61,19.68,19.45,19.46,148639.0
2009-08-03,19.91,20.2,19.9,20.08,486493.0
2009-08-04,19.94,20.09,19.85,20.07,302366.0
2009-08-05,20.01,20.04,19.71,19.91,139527.0
2009-08-06,19.63,19.68,19.31,19.38,151383.0
2009-08-07,19.51,19.53,19.17,19.3,147529.0
2009-08-10,18.88,18.92,18.7,18.83,127921.0
2009-08-12,18.71,19.12,18.71,18.97,206067.0
2009-08-13,19.3,19.4,19.18,19.36,384585.0
2009-08-14,19.3,19.36,18.93,19.15,93597.0
2009-08-17,18.4,18.43,17.83,18.11,468344.0
2009-08-18,18.45,18.75,18.45,18.57,118135.0
2009-08-19,18.22,18.58,18.18,18.45,142861.0
2009-08-20,18.41,18.69,18.36,18.65,84667.0
2009-08-21,18.92,19.15,18.91,19.01,140794.0
2009-08-24,19.2,19.27,19.01,19.08,177924.0
2009-08-25,19.23,19.39,19.16,19.24,132010.0
2009-08-26,19.25,19.44,19.25,19.38,65704.0
2009-08-27,19.3,19.45,19.18,19.41,101628.0
2009-08-28,19.63,19.71,19.4,19.48,164465.0
2009-08-31,19.24,19.4,19.07,19.33,161568.0
2009-09-01,19.25,19.37,18.76,18.8,532951.0
2009-09-02,18.81,19.19,18.81,19.06,131422.0
2009-09-03,19.02,19.28,18.98,19.21,171199.0
2009-09-04,19.44,19.67,19.39,19.6,247788.0
2009-09-08,19.99,20.27,19.88,20.18,420644.0
2009-09-09,20.26,20.39,20.11,20.29,283029.0
2009-09-10,19.99,20.35,19.99,20.28,195147.0
2009-09-11,20.19,20.29,20.02,20.14,201257.0
2009-09-14,19.98,20.2,19.78,20.18,231683.0
2009-09-15,20.35,20.67,20.28,20.5,268777.0
2009-09-16,20.75,21.0,20.62,20.99,268291.0
2009-09-17,20.72,20.87,20.55,20.57,198969.0
2009-09-18,20.78,20.88,20.74,20.77,83805.0
2009-09-21,20.65,21.2,20.55,20.78,142355.0
2009-09-22,21.0,21.08,20.86,20.99,299002.0
2009-09-23,20.87,21.07,20.61,20.61,138373.0
2009-09-24,20.75,20.94,20.46,20.46,150371.0
2009-09-25,20.61,20.75,20.51,20.56,81880.0
2009-09-28,20.63,21.04,20.61,20.97,231325.0
2009-09-29,21.01,21.08,20.87,20.98,182749.0
2009-09-30,21.14,21.3,20.9,21.17,182491.0
2009-10-01,21.34,21.34,20.75,20.75,214999.0
2009-10-02,20.6,20.86,20.6,20.61,228059.0
2009-10-05,20.98,21.48,20.98,21.37,147796.0
2009-10-06,21.6,21.64,21.35,21.53,385716.0
2009-10-07,21.5,21.5,21.27,21.34,121043.0
2009-10-08,21.56,21.7,21.45,21.64,193485.0
2009-10-09,21.44,21.51,21.33,21.5,274539.0
2009-10-12,21.78,21.85,21.62,21.72,126831.0
2009-10-13,21.78,21.84,21.62,21.77,141114.0
2009-10-14,22.22,22.42,22.16,22.42,409728.0
2009-10-15,22.16,22.27,22.06,22.25,216247.0
2009-10-16,22.1,22.12,21.89,22.05,127224.0
2009-10-19,22.21,22.4,22.16,22.35,223347.0
2009-10-20,22.26,22.38,21.95,22.03,178729.0
2009-10-21,21.82,22.04,21.53,21.66,573652.0
2009-10-22,21.53,21.75,21.25,21.63,346922.0
2009-10-23,21.57,21.64,21.16,21.16,174627.0
2009-10-26,21.19,21.4,20.8,20.89,308005.0
2009-10-27,20.84,20.84,20.22,20.24,626010.0
2009-10-28,20.33,20.38,19.85,19.95,350028.0
2009-10-29,20.06,20.5,19.93,20.5,236318.0
2009-10-30,20.01,20.01,19.23,19.32,562112.0
2009-11-02,19.44,19.81,19.34,19.56,321066.0
2009-11-03,19.2,19.37,19.1,19.33,322991.0
2009-11-04,19.91,20.13,19.81,19.82,362620.0
2009-11-05,20.33,20.49,20.13,20.49,260165.0
2009-11-06,20.23,20.54,20.2,20.45,397084.0
2009-11-09,20.81,21.16,20.64,21.12,560897.0
2009-11-10,20.84,21.01,20.69,20.77,493554.0
2009-11-11,21.29,21.4,21.15,21.32,347421.0
2009-11-12,21.2,21.2,20.85,20.92,307923.0
2009-11-13,21.22,21.44,21.16,21.39,205549.0
2009-11-16,21.64,21.88,21.53,21.76,301803.0
2009-11-17,21.63,21.77,21.5,21.7,179254.0
2009-11-18,21.7,21.78,21.55,21.74,653190.0
2009-11-19,21.25,21.3,20.95,21.07,216239.0
2009-11-20,21.31,21.38,21.19,21.27,113942.0
2009-11-23,21.63,21.81,21.54,21.6,110097.0
2009-11-24,21.61,21.68,21.42,21.53,132709.0
2009-11-25,21.7,21.8,21.65,21.69,248533.0
2009-11-26,,,,21.69,0.0
2009-11-27,20.68,21.27,20.68,21.11,269685.0
2009-11-30,21.37,21.55,21.3,21.52,94002.0
2009-12-01,21.95,22.09,21.82,22.06,287612.0
2009-12-02,21.98,22.06,21.78,21.96,167824.0
2009-12-03,22.09,22.17,21.8,21.8,174906.0
2009-12-04,22.26,22.35,21.88,22.09,200974.0
2009-12-07,21.68,21.74,21.53,21.57,302696.0
2009-12-08,21.64,21.7,21.51,21.55,155853.0
2009-12-09,21.74,21.86,21.7,21.86,341641.0
2009-12-10,21.93,22.15,21.93,22.05,281837.0
2009-12-11,21.96,22.0,21.71,21.77,155033.0
2009-12-14,21.82,21.85,21.7,21.81,91009.0
2009-12-15,21.61,21.62,21.47,21.6,136970.0
2009-12-16,21.6,21.78,21.6,21.62,231362.0
2009-12-17,21.58,21.58,21.3,21.39,159490.0
2009-12-18,21.33,21.42,21.06,21.25,340465.0
2009-12-21,21.27,21.3,21.11,21.23,158099.0
2009-12-22,21.19,21.4,21.19,21.35,262094.0
2009-12-23,21.91,21.91,21.71,21.83,176703.0
2009-12-24,22.06,22.15,22.02,22.11,57526.0
2009-12-25,,,,22.11,0.0
2009-12-28,22.24,22.24,22.07,22.14,184790.0
2009-12-29,22.19,22.19,22.02,22.15,169565.0
2009-12-30,22.05,22.2,22.03,22.12,66456.0
2009-12-31,,,,22.07,0.0
2010-01-01,,,,22.07,0.0
2010-01-04,22.6,22.78,22.42,22.71,259913.0
2010-01-05,22.83,22.92,22.79,22.92,348698.0
2010-01-06,23.09,23.18,23.0,23.05,347176.0
2010-01-07,23.0,23.1,22.95,23.03,201475.0
2010-01-08,22.91,23.01,22.77,22.98,262678.0
2010-01-11,23.2,23.26,22.95,23.01,204690.0
2010-01-12,22.9,22.92,22.61,22.78,395086.0
2010-01-13,23.05,23.2,22.91,23.15,144304.0
2010-01-14,23.18,23.35,23.18,23.32,221364.0
2010-01-15,,,,22.85,0.0
2010-01-18,,,,22.85,0.0
2010-01-19,22.85,23.23,22.85,23.18,588927.0
2010-01-20,22.72,22.75,22.47,22.65,1699496.0
2010-01-21,22.43,22.43,21.7,21.7,550007.0
2010-01-22,21.65,21.81,21.3,21.37,474105.0
2010-01-25,21.74,21.75,21.53,21.61,279587.0
2010-01-26,21.59,21.59,21.24,21.29,686068.0
2010-01-27,21.04,21.13,20.73,21.03,780720.0
2010-01-28,21.11,21.13,20.56,20.65,483615.0
2010-01-29,21.02,21.18,20.67,20.72,590966.0
2010-02-01,21.06,21.25,21.0,21.19,287528.0
2010-02-02,21.0,21.16,20.85,21.09,404648.0
2010-02-03,21.23,21.39,21.2,21.24,174124.0
2010-02-04,20.84,20.85,20.25,20.27,417871.0
2010-02-05,20.09,20.2,19.55,20.0,644576.0
2010-02-08,20.16,20.32,20.01,20.01,208240.0
2010-02-09,20.4,20.64,20.25,20.54,301299.0
2010-02-10,20.33,20.45,20.17,20.38,346535.0
2010-02-11,20.6,20.89,20.46,20.87,214329.0
2010-02-12,,,,20.77,0.0
2010-02-15,,,,20.77,0.0
2010-02-16,20.9,21.04,20.8,21.0,469302.0
2010-02-17,21.08,21.15,21.01,21.15,241673.0
2010-02-18,20.96,21.19,20.9,21.14,243565.0
2010-02-19,20.92,21.09,20.8,20.96,280232.0
2010-02-22,20.96,20.99,20.74,20.76,207619.0
2010-02-23,20.83,20.83,20.42,20.46,365713.0
2010-02-24,20.8,20.87,20.68,20.74,312234.0
2010-02-25,20.41,20.61,20.27,20.6,269622.0
2010-02-26,20.93,20.99,20.79,20.97,161640.0
2010-03-01,21.13,21.31,21.11,21.28,298271.0
2010-03-02,21.5,21.59,21.44,21.51,454455.0
2010-03-03,21.82,21.92,21.7,21.8,383669.0
2010-03-04,21.88,21.93,21.7,21.79,232047.0
2010-03-05,22.0,22.24,21.94,22.22,353766.0
2010-03-08,22.16,22.2,22.08,22.14,232357.0
2010-03-09,21.94,22.12,21.84,21.95,196572.0
2010-03-10,22.0,22.19,21.98,22.08,1216707.0
2010-03-11,21.95,22.03,21.81,21.99,233414.0
2010-03-12,22.0,22.11,21.82,21.85,151832.0
2010-03-15,21.85,21.93,21.73,21.86,166403.0
2010-03-16,22.2,22.3,22.03,22.2,339712.0
2010-03-17,22.32,22.48,22.25,22.39,245077.0
2010-03-18,22.37,22.4,22.2,22.32,170622.0
2010-03-19,22.37,22.46,21.98,22.16,442851.0
2010-03-22,22.14,22.37,22.06,22.29,443252.0
2010-03-23,22.26,22.45,22.19,22.45,162658.0
2010-03-24,22.28,22.35,22.2,22.24,162656.0
2010-03-25,22.37,22.6,22.24,22.3,286041.0
2010-03-26,22.44,22.7,22.4,22.49,307732.0
2010-03-29,22.85,22.95,22.75,22.88,474282.0
2010-03-30,22.79,22.82,22.63,22.7,356197.0
2010-03-31,22.72,22.81,22.59,22.76,126295.0
2010-04-01,,,,22.99,0.0
2010-04-02,,,,22.99,0.0
2010-04-05,23.32,23.62,23.32,23.54,320715.0
2010-04-06,23.41,23.56,23.32,23.54,258675.0
2010-04-07,23.4,23.43,23.16,23.28,202493.0
2010-04-08,23.13,23.28,22.94,23.22,243036.0
2010-04-09,23.35,23.48,23.26,23.42,554244.0
2010-04-12,23.3,23.3,23.15,23.25,252330.0
2010-04-13,23.13,23.23,23.02,23.19,284838.0
2010-04-14,23.36,23.5,23.3,23.47,519953.0
2010-04-15,23.2,23.22,23.06,23.15,351343.0
2010-04-16,23.05,23.06,22.48,22.58,539595.0
2010-04-19,22.48,22.7,22.42,22.7,510402.0
2010-04-20,22.78,22.9,22.67,22.85,288138.0
2010-04-21,22.84,22.84,22.56,22.75,226231.0
2010-04-22,22.73,23.04,22.56,23.03,460999.0
2010-04-23,22.94,23.13,22.82,23.09,161315.0
2010-04-26,23.06,23.1,22.88,22.91,205864.0
2010-04-27,22.82,22.94,22.39,22.45,601764.0
2010-04-28,22.66,22.74,22.44,22.65,393198.0
2010-04-29,22.72,22.94,22.69,22.92,392603.0
2010-04-30,22.98,22.98,22.52,22.53,467102.0
2010-05-03,22.75,22.95,22.7,22.9,179458.0
2010-05-04,22.31,22.35,21.82,21.98,701746.0
2010-05-05,21.95,22.08,21.7,21.87,562484.0
2010-05-06,21.67,21.81,9.59,20.88,1205992.0
2010-05-07,21.16,21.41,20.75,21.07,1156669.0
2010-05-10,22.22,22.44,22.12,22.36,712746.0
2010-05-11,21.86,22.27,21.83,22.03,567651.0
2010-05-12,22.13,22.25,22.06,22.2,429026.0
2010-05-13,22.1,22.2,21.85,21.85,243505.0
2010-05-14,21.7,21.72,21.26,21.47,463138.0
2010-05-17,21.53,21.53,20.97,21.35,567910.0
2010-05-18,21.58,21.71,20.97,20.98,384640.0
2010-05-19,20.58,20.82,20.35,20.69,825219.0
2010-05-20,20.17,20.32,19.86,19.95,722038.0
2010-05-21,19.85,20.63,19.8,20.63,630219.0
2010-05-24,20.46,20.62,20.27,20.33,363440.0
2010-05-25,19.68,20.25,19.46,20.08,1051738.0
2010-05-26,20.22,20.36,19.83,19.86,334076.0
2010-05-27,20.58,20.96,20.46,20.88,493943.0
2010-05-28,,,,20.93,0.0
2010-05-31,,,,20.93,0.0
2010-06-01,20.77,21.0,20.49,20.52,429544.0
2010-06-02,20.82,21.32,20.81,21.31,477135.0
2010-06-03,21.34,21.49,21.17,21.44,242235.0
2010-06-04,20.96,21.12,20.61,20.67,771546.0
2010-06-07,20.88,21.0,20.56,20.63,498799.0
2010-06-08,20.82,20.99,20.56,20.99,428791.0
2010-06-09,21.04,21.28,20.79,20.84,605902.0
2010-06-10,21.38,21.6,21.29,21.6,567201.0
2010-06-11,21.17,21.46,21.15,21.41,263857.0
2010-06-14,21.88,22.04,21.62,21.62,358625.0
2010-06-15,21.83,22.25,21.8,22.25,449179.0
2010-06-16,21.95,22.15,21.88,22.06,401116.0
2010-06-17,22.24,22.27,21.99,22.2,330002.0
2010-06-18,22.26,22.26,22.13,22.16,151005.0
2010-06-21,22.58,22.76,22.4,22.55,320690.0
2010-06-22,22.55,22.55,22.1,22.1,379180.0
2010-06-23,22.32,22.43,22.07,22.33,316228.0
2010-06-24,22.25,22.3,22.03,22.07,281139.0
2010-06-25,22.25,22.65,22.25,22.65,333097.0
2010-06-28,22.71,22.9,22.59,22.83,558545.0
2010-06-29,22.45,22.45,22.06,22.1,348368.0
2010-06-30,22.55,22.71,22.34,22.39,262247.0
2010-07-01,22.38,22.44,22.07,22.36,353409.0
2010-07-02,,,,22.18,0.0
2010-07-05,,,,22.18,0.0
2010-07-06,22.34,22.57,22.09,22.3,434798.0
2010-07-07,22.24,22.49,22.11,22.47,565307.0
2010-07-08,22.43,22.49,22.27,22.45,229604.0
2010-07-09,22.37,22.76,22.37,22.75,132759.0
2010-07-12,22.69,22.75,22.58,22.6,253584.0
2010-07-13,22.72,22.91,22.62,22.9,308430.0
2010-07-14,22.54,22.63,22.4,22.49,264702.0
2010-07-15,22.44,22.52,22.24,22.46,93674.0
2010-07-16,22.37,22.4,21.99,21.99,260518.0
2010-07-19,22.17,22.37,22.1,22.33,151104.0
2010-07-20,22.1,22.45,21.99,22.44,282131.0
2010-07-21,22.29,22.38,21.98,22.05,232673.0
2010-07-22,22.38,22.72,22.38,22.57,268187.0
2010-07-23,22.47,22.67,22.39,22.62,173709.0
2010-07-26,22.39,22.59,22.39,22.54,126394.0
2010-07-27,22.6,22.74,22.46,22.48,159273.0
2010-07-28,22.41,22.41,22.23,22.3,115652.0
2010-07-29,22.54,22.57,22.24,22.39,161183.0
2010-07-30,22.19,22.6,22.19,22.5,199714.0
2010-08-02,22.73,22.98,22.69,22.96,287390.0
2010-08-03,22.97,22.97,22.69,22.86,247495.0
2010-08-04,23.0,23.03,22.9,22.99,147834.0
2010-08-05,22.86,22.91,22.69,22.77,147106.0
2010-08-06,22.76,22.8,22.5,22.8,106277.0
2010-08-09,22.95,22.98,22.86,22.9,192740.0
2010-08-10,22.66,22.79,22.52,22.65,147850.0
2010-08-11,22.27,22.29,22.09,22.09,232034.0
2010-08-12,22.09,22.35,22.09,22.28,317340.0
2010-08-13,22.47,22.52,22.39,22.48,252767.0
2010-08-16,22.33,22.43,22.21,22.41,305612.0
2010-08-17,22.45,22.57,22.38,22.49,201055.0
2010-08-18,22.62,22.73,22.5,22.67,124860.0
2010-08-19,22.81,22.83,22.55,22.67,277046.0
2010-08-20,22.7,22.72,22.57,22.7,150608.0
2010-08-23,22.83,22.91,22.64,22.67,310344.0
2010-08-24,22.49,22.57,22.32,22.38,453765.0
2010-08-25,22.23,22.38,22.1,22.28,301036.0
2010-08-26,22.38,22.41,22.18,22.2,132151.0
2010-08-27,22.24,22.4,22.0,22.38,230174.0
2010-08-30,22.31,22.31,22.0,22.0,228533.0
2010-08-31,22.09,22.18,21.97,22.12,202956.0
2010-09-01,22.51,22.85,22.5,22.83,350743.0
2010-09-02,22.61,22.7,22.5,22.64,259420.0
2010-09-03,,,,22.85,0.0
2010-09-06,,,,22.85,0.0
2010-09-07,22.9,22.99,22.83,22.93,233501.0
2010-09-08,23.08,23.34,23.06,23.27,218539.0
2010-09-09,23.4,23.44,23.26,23.35,208274.0
2010-09-10,23.39,23.5,23.39,23.5,118253.0
2010-09-13,23.72,23.99,23.72,23.99,474319.0
2010-09-14,24.0,24.18,23.87,24.1,348460.0
2010-09-15,24.12,24.35,24.11,24.35,329458.0
2010-09-16,24.08,24.21,24.05,24.15,190075.0
2010-09-17,24.42,24.47,24.27,24.41,394077.0
2010-09-20,24.85,25.15,24.69,25.04,800306.0
2010-09-21,25.09,25.13,24.94,25.04,694840.0
2010-09-22,25.0,25.07,24.83,24.84,350010.0
2010-09-23,24.7,24.91,24.6,24.66,260325.0
2010-09-24,25.33,25.51,25.28,25.51,387833.0
2010-09-27,25.46,25.5,25.36,25.36,345231.0
2010-09-28,25.46,25.55,25.25,25.45,199077.0
2010-09-29,25.34,25.41,25.23,25.33,236294.0
2010-09-30,25.39,25.43,25.18,25.26,419991.0
2010-10-01,25.98,26.13,25.87,26.1,393011.0
2010-10-04,26.02,26.14,25.92,26.09,388001.0
2010-10-05,26.12,26.4,26.08,26.38,577889.0
2010-10-06,26.38,26.39,26.25,26.34,341614.0
2010-10-07,26.21,26.36,26.05,26.07,262330.0
2010-10-08,26.08,26.27,26.0,26.19,278225.0
2010-10-11,26.1,26.18,26.01,26.16,469513.0
2010-10-12,25.9,25.96,25.69,25.84,507147.0
2010-10-13,26.18,26.52,26.18,26.48,514088.0
2010-10-14,26.23,26.33,26.07,26.19,273705.0
2010-10-15,26.05,26.05,25.77,25.85,472358.0
2010-10-18,25.95,26.08,25.82,25.82,548107.0
2010-10-19,25.48,25.55,25.2,25.28,618584.0
2010-10-20,25.4,25.64,25.33,25.58,493271.0
2010-10-21,25.82,26.03,25.7,25.8,352341.0
2010-10-22,25.78,25.82,25.67,25.73,251313.0
2010-10-25,25.9,26.03,25.79,25.83,224279.0
2010-10-26,25.54,25.72,25.54,25.63,292495.0
2010-10-27,25.44,25.44,25.1,25.24,350469.0
2010-10-28,25.41,25.42,25.19,25.35,254612.0
2010-10-29,25.34,25.43,25.26,25.43,220416.0
2010-11-01,25.58,25.7,25.43,25.58,361993.0
2010-11-02,25.55,25.84,25.55,25.82,369175.0
2010-11-03,25.77,25.9,25.53,25.9,376950.0
2010-11-04,26.34,26.62,26.3,26.62,1027784.0
2010-11-05,26.49,26.72,26.41,26.65,646965.0
2010-11-08,26.22,26.35,26.12,26.25,536315.0
2010-11-09,26.37,26.43,25.98,26.06,493753.0
2010-11-10,26.27,26.33,26.0,26.33,344344.0
2010-11-11,25.89,25.94,25.75,25.77,278120.0
2010-11-12,25.22,25.41,24.9,24.95,639330.0
2010-11-15,25.18,25.22,24.87,24.87,263591.0
2010-11-16,24.49,24.5,23.99,23.99,774145.0
2010-11-17,24.13,24.3,24.08,24.16,715020.0
2010-11-18,24.55,24.7,24.48,24.68,437733.0
2010-11-19,24.09,24.17,23.91,24.07,785275.0
2010-11-22,24.24,24.43,24.11,24.41,573337.0
2010-11-23,23.81,24.0,23.62,23.62,477418.0
2010-11-24,,,,23.96,0.0
2010-11-26,23.18,23.4,23.07,23.1,571736.0
2010-11-29,23.21,23.48,23.1,23.48,432610.0
2010-11-30,23.38,23.63,23.3,23.47,390176.0
2010-12-01,24.38,24.49,24.24,24.43,830771.0
2010-12-02,24.47,24.75,24.46,24.69,486507.0
2010-12-03,24.6,24.74,24.52,24.73,273762.0
2010-12-06,24.82,24.82,24.66,24.73,197074.0
2010-12-07,25.06,25.06,24.74,24.79,309696.0
2010-12-08,24.5,24.58,24.36,24.54,286319.0
2010-12-09,24.0,24.06,23.71,23.71,709341.0
2010-12-10,24.16,24.23,24.04,24.23,442054.0
2010-12-13,24.39,24.52,24.37,24.43,542451.0
2010-12-14,24.62,24.73,24.56,24.67,256449.0
2010-12-15,24.4,24.41,24.21,24.21,284987.0
2010-12-16,24.43,24.64,24.43,24.63,249622.0
2010-12-17,24.45,24.49,24.23,24.49,397899.0
2010-12-20,24.34,24.38,24.2,24.26,269418.0
2010-12-21,24.59,24.69,24.54,24.69,339751.0
2010-12-22,24.63,24.74,24.57,24.74,210690.0
2010-12-23,,,,24.73,0.0
2010-12-27,24.67,24.67,24.55,24.57,167093.0
2010-12-28,24.6,24.71,24.52,24.52,169565.0
2010-12-29,24.92,24.98,24.85,24.98,275309.0
2010-12-30,25.09,25.15,25.03,25.11,312311.0
2010-12-31,25.2,25.42,25.2,25.42,309111.0
2011-01-03,25.6,25.69,25.42,25.69,361133.0
2011-01-04,25.48,25.58,25.25,25.31,506297.0
2011-01-05,25.11,25.25,25.0,25.14,584704.0
2011-01-06,25.02,25.04,24.66,24.74,542939.0
2011-01-07,24.43,24.43,24.07,24.19,473668.0
2011-01-10,23.77,23.77,23.6,23.63,507155.0
2011-01-11,23.89,23.89,23.68,23.74,876485.0
2011-01-12,24.16,24.26,24.03,24.25,699720.0
2011-01-13,23.82,23.87,23.66,23.69,597246.0
2011-01-14,,,,23.32,0.0
2011-01-18,23.46,23.54,23.41,23.53,310236.0
2011-01-19,23.38,23.44,23.13,23.18,595252.0
2011-01-20,23.23,23.34,23.08,23.11,877130.0
2011-01-21,23.26,23.33,23.15,23.25,398468.0
2011-01-24,23.39,23.59,23.31,23.59,338849.0
2011-01-25,23.11,23.24,22.95,23.0,567116.0
2011-01-26,23.1,23.24,23.08,23.2,555467.0
2011-01-27,22.93,22.93,22.69,22.85,736504.0
2011-01-28,22.47,22.53,22.05,22.05,1317412.0
2011-01-31,22.26,22.37,22.22,22.32,1102615.0
2011-02-01,22.06,22.38,22.0,22.38,853408.0
2011-02-02,22.32,22.38,22.15,22.17,349212.0
2011-02-03,22.51,22.57,22.34,22.38,670879.0
2011-02-04,22.18,22.2,21.91,21.98,329425.0
2011-02-07,22.16,22.29,22.1,22.28,294929.0
2011-02-08,21.95,22.04,21.9,21.98,313053.0
2011-02-09,21.71,21.72,21.44,21.46,411551.0
2011-02-10,21.35,21.46,21.22,21.35,551315.0
2011-02-11,21.57,21.89,21.51,21.89,581906.0
2011-02-14,22.16,22.22,22.03,22.13,304354.0
2011-02-15,22.17,22.27,22.13,22.23,259910.0
2011-02-16,22.21,22.32,22.19,22.22,154223.0
2011-02-17,22.41,22.55,22.39,22.48,506976.0
2011-02-18,,,,22.32,0.0
2011-02-22,22.3,22.42,21.98,22.14,404601.0
2011-02-23,22.22,22.29,21.85,21.95,550530.0
2011-02-24,21.61,21.72,21.44,21.66,528185.0
2011-02-25,21.69,21.82,21.66,21.82,521692.0
2011-02-28,21.88,21.98,21.84,21.98,272452.0
2011-03-01,22.55,22.59,22.18,22.26,533425.0
2011-03-02,22.27,22.45,22.27,22.3,301161.0
2011-03-03,22.59,22.81,22.57,22.81,433943.0
2011-03-04,22.69,22.69,22.36,22.5,338282.0
2011-03-07,22.41,22.41,22.05,22.14,295333.0
2011-03-08,22.53,22.71,22.4,22.71,407439.0
2011-03-09,22.66,22.69,22.53,22.6,140409.0
2011-03-10,22.35,22.38,22.05,22.09,693919.0
2011-03-11,22.18,22.45,22.17,22.45,310992.0
2011-03-14,22.5,22.69,22.45,22.69,336590.0
2011-03-15,22.12,22.46,22.05,22.34,356280.0
2011-03-16,22.46,22.48,21.99,22.11,419377.0
2011-03-17,22.34,22.48,22.18,22.34,311810.0
2011-03-18,22.23,22.23,21.98,21.98,195836.0
2011-03-21,22.13,22.21,22.06,22.21,151555.0
2011-03-22,22.22,22.31,22.2,22.25,80829.0
2011-03-23,22.41,22.73,22.36,22.73,274112.0
2011-03-24,22.77,23.0,22.7,23.0,271374.0
2011-03-25,23.22,23.32,23.05,23.05,349374.0
2011-03-28,23.21,23.25,23.04,23.08,211420.0
2011-03-29,23.38,23.69,23.37,23.69,281997.0
2011-03-30,23.74,23.85,23.67,23.77,466813.0
2011-03-31,23.97,24.02,23.9,23.98,341512.0
2011-04-01,24.13,24.2,24.03,24.2,351454.0
2011-04-04,24.48,24.57,24.31,24.57,232707.0
2011-04-05,24.48,24.56,24.36,24.52,162269.0
2011-04-06,24.53,24.59,24.4,24.4,174302.0
2011-04-07,24.34,24.47,24.22,24.36,302766.0
2011-04-08,24.35,24.35,24.06,24.12,190909.0
2011-04-11,23.9,23.91,23.67,23.7,262272.0
2011-04-12,23.64,23.66,23.48,23.55,164788.0
2011-04-13,24.18,24.29,24.04,24.18,389873.0
2011-04-14,24.05,24.3,24.01,24.3,281049.0
2011-04-15,23.98,23.98,23.74,23.77,314254.0
2011-04-18,23.4,23.45,23.25,23.3,249338.0
2011-04-19,23.69,23.73,23.55,23.71,285565.0
2011-04-20,24.11,24.24,24.11,24.24,284373.0
2011-04-21,,,,24.19,0.0
2011-04-25,24.1,24.1,23.96,24.0,118873.0
2011-04-26,24.08,24.24,23.97,24.23,203855.0
2011-04-27,24.09,24.17,23.91,24.11,211895.0
2011-04-28,23.93,24.0,23.81,23.87,243816.0
2011-04-29,23.87,23.97,23.81,23.97,63862.0
2011-05-02,23.7,23.73,23.54,23.56,166604.0
2011-05-03,23.15,23.17,22.86,23.0,437216.0
2011-05-04,23.09,23.14,22.79,22.83,307849.0
2011-05-05,22.61,22.81,22.44,22.55,407101.0
2011-05-06,22.95,23.13,22.83,22.95,261781.0
2011-05-09,23.02,23.09,22.98,23.03,90476.0
2011-05-10,23.06,23.16,23.03,23.12,111194.0
2011-05-11,23.08,23.08,22.71,22.81,286291.0
2011-05-12,22.69,22.88,22.57,22.83,248491.0
2011-05-13,22.92,22.94,22.66,22.67,326357.0
2011-05-16,22.62,22.78,22.54,22.54,125292.0
2011-05-17,22.31,22.4,22.18,22.26,567624.0
2011-05-18,22.23,22.42,22.16,22.42,301927.0
2011-05-19,22.37,22.4,22.25,22.3,200737.0
2011-05-20,22.44,22.44,22.2,22.26,155103.0
2011-05-23,21.97,21.97,21.81,21.84,294686.0
2011-05-24,21.91,21.98,21.86,21.94,101323.0
2011-05-25,21.73,21.88,21.66,21.75,148282.0
2011-05-26,22.0,22.22,21.93,22.22,204857.0
2011-05-27,,,,22.44,0.0
2011-05-31,22.78,22.87,22.65,22.87,199136.0
2011-06-01,22.94,23.0,22.64,22.66,211449.0
2011-06-02,22.93,22.94,22.74,22.93,192122.0
2011-06-03,22.62,22.85,22.6,22.74,173806.0
2011-06-06,22.77,22.86,22.61,22.61,171689.0
2011-06-07,22.93,23.02,22.84,22.89,236866.0
2011-06-08,22.86,22.92,22.73,22.73,92334.0
2011-06-09,22.85,23.01,22.79,23.01,114109.0
2011-06-10,22.76,22.76,22.46,22.46,316971.0
2011-06-13,22.7,22.79,22.53,22.61,237416.0
2011-06-14,22.77,22.94,22.77,22.94,154217.0
2011-06-15,22.55,22.61,22.27,22.31,312182.0
2011-06-16,22.4,22.4,22.15,22.3,275683.0
2011-06-17,22.37,22.37,22.19,22.22,79327.0
2011-06-20,21.81,21.82,21.71,21.75,413815.0
2011-06-21,21.85,22.11,21.8,22.11,181615.0
2011-06-22,21.85,21.95,21.7,21.7,153293.0
2011-06-23,21.74,22.06,21.69,22.06,231822.0
2011-06-24,22.4,22.49,22.3,22.4,205925.0
2011-06-27,22.68,22.87,22.65,22.77,266778.0
2011-06-28,22.81,23.07,22.78,23.03,432568.0
2011-06-29,23.04,23.21,22.99,23.21,179457.0
2011-06-30,23.21,23.46,23.19,23.46,148400.0
2011-07-01,,,,23.44,0.0
2011-07-05,23.32,23.36,23.22,23.31,212182.0
2011-07-06,23.18,23.27,23.07,23.09,126108.0
2011-07-07,23.65,23.84,23.57,23.83,178343.0
2011-07-08,23.32,23.44,23.19,23.35,222126.0
2011-07-11,23.08,23.11,22.91,22.95,365101.0
2011-07-12,22.83,22.99,22.72,22.72,234604.0
2011-07-13,23.01,23.06,22.8,23.0,423639.0
2011-07-14,23.1,23.16,22.79,22.89,252821.0
2011-07-15,23.02,23.05,22.89,23.05,141693.0
2011-07-18,22.85,22.88,22.72,22.81,134357.0
2011-07-19,23.14,23.43,23.1,23.42,327086.0
2011-07-20,23.11,23.15,22.98,23.01,162609.0
2011-07-21,23.06,23.24,23.02,23.24,276177.0
2011-07-22,23.23,23.25,23.16,23.21,59852.0
2011-07-25,23.37,23.46,23.33,23.42,156713.0
2011-07-26,23.28,23.28,23.15,23.16,89525.0
2011-07-27,23.2,23.2,22.8,22.85,264071.0
2011-07-28,22.95,22.96,22.73,22.74,181347.0
2011-07-29,22.65,22.94,22.62,22.91,669347.0
2011-08-01,23.05,23.05,22.62,22.89,190211.0
2011-08-02,22.75,22.8,22.39,22.39,574600.0
2011-08-03,22.52,22.56,22.21,22.45,227798.0
2011-08-04,22.04,22.1,21.39,21.39,352524.0
2011-08-05,21.74,21.83,21.05,21.54,360338.0
2011-08-08,20.95,21.16,20.08,20.1,812745.0
2011-08-09,20.87,21.39,20.55,21.37,879002.0
2011-08-10,20.75,20.93,20.33,20.34,536134.0
2011-08-11,20.72,21.3,20.66,21.2,826697.0
2011-08-12,20.76,20.92,20.63,20.8,387018.0
2011-08-15,20.92,21.08,20.9,21.05,276606.0
2011-08-16,20.56,20.56,20.22,20.32,548816.0
2011-08-17,20.51,20.69,20.46,20.65,138539.0
2011-08-18,19.89,19.93,19.44,19.55,520878.0
2011-08-19,19.49,19.84,19.38,19.39,393963.0
2011-08-22,19.97,20.04,19.69,19.8,321783.0
2011-08-23,19.93,20.2,19.83,20.2,259210.0
2011-08-24,19.87,19.92,19.68,19.86,368902.0
2011-08-25,19.71,19.81,19.39,19.4,286212.0
2011-08-26,19.11,19.38,18.88,19.3,191687.0
2011-08-29,19.82,20.11,19.82,20.11,289391.0
2011-08-30,20.06,20.17,19.99,20.1,117025.0
2011-08-31,20.35,20.48,20.28,20.43,322269.0
2011-09-01,20.33,20.43,20.21,20.21,344649.0
2011-09-02,20.18,20.2,19.94,19.99,423261.0
2011-09-06,19.98,20.17,19.9,20.17,152162.0
2011-09-07,20.37,20.65,20.36,20.65,202095.0
2011-09-08,20.37,20.46,20.24,20.27,437883.0
2011-09-09,19.94,19.94,19.56,19.66,345232.0
2011-09-12,19.27,19.49,19.21,19.46,160332.0
2011-09-13,19.35,19.49,19.28,19.49,171587.0
2011-09-14,19.57,19.8,19.33,19.64,245725.0
2011-09-15,19.86,19.95,19.68,19.93,194932.0
2011-09-16,20.05,20.05,19.84,19.99,163575.0
2011-09-19,19.5,19.65,19.42,19.59,279282.0
2011-09-20,19.73,19.92,19.7,19.71,172613.0
2011-09-21,19.7,19.71,19.25,19.28,157175.0
2011-09-22,18.4,18.4,17.94,18.07,491181.0
2011-09-23,18.19,18.49,18.09,18.49,253537.0
2011-09-26,18.26,18.47,18.14,18.45,261216.0
2011-09-27,18.93,19.23,18.91,19.07,311894.0
2011-09-28,18.9,18.96,18.57,18.57,199145.0
2011-09-29,19.05,19.16,18.65,18.89,289681.0
2011-09-30,18.59,18.68,18.18,18.22,520803.0
2011-10-03,18.38,18.55,18.12,18.12,371769.0
2011-10-04,17.98,18.34,17.67,18.31,789513.0
2011-10-05,18.1,18.38,18.01,18.36,150532.0
2011-10-06,18.31,18.74,18.27,18.69,307783.0
2011-10-07,18.63,18.71,18.43,18.44,158906.0
2011-10-10,18.91,19.2,18.91,19.2,277156.0
2011-10-11,18.71,18.9,18.68,18.82,220113.0
2011-10-12,19.25,19.62,19.25,19.47,272633.0
2011-10-13,19.11,19.19,18.99,19.16,146544.0
2011-10-14,19.49,19.55,19.41,19.55,106771.0
2011-10-17,19.2,19.28,18.92,18.93,210418.0
2011-10-18,18.86,19.2,18.69,19.15,313411.0
2011-10-19,19.24,19.28,19.01,19.05,231618.0
2011-10-20,18.83,18.91,18.58,18.69,195086.0
2011-10-21,18.83,19.02,18.8,19.02,193570.0
2011-10-24,18.97,19.3,18.97,19.29,165856.0
2011-10-25,19.39,19.46,19.19,19.2,250837.0
2011-10-26,19.49,19.52,19.29,19.4,265618.0
2011-10-27,20.11,20.72,20.07,20.61,611059.0
2011-10-28,20.24,20.48,20.21,20.45,299323.0
2011-10-31,20.04,20.12,19.84,19.84,221988.0
2011-11-01,19.44,19.55,19.27,19.42,244296.0
2011-11-02,19.81,19.9,19.69,19.86,230640.0
2011-11-03,19.96,20.19,19.88,20.1,127688.0
2011-11-04,19.79,19.9,19.61,19.79,230744.0
2011-11-07,19.77,19.98,19.76,19.98,90201.0
2011-11-08,19.85,20.07,19.73,20.07,60369.0
2011-11-09,19.34,19.34,18.86,18.88,775563.0
2011-11-10,19.03,19.13,18.86,18.95,397609.0
2011-11-11,19.22,19.43,19.22,19.39,351814.0
2011-11-14,18.92,19.0,18.75,18.8,369455.0
2011-11-15,18.54,18.72,18.49,18.63,127054.0
2011-11-16,18.38,18.49,18.19,18.2,188641.0
2011-11-17,18.1,18.15,17.7,17.74,541632.0
2011-11-18,17.85,17.87,17.7,17.72,155869.0
2011-11-21,17.17,17.18,16.89,16.91,291712.0
2011-11-22,17.01,17.1,16.91,17.03,190543.0
2011-11-23,,,,16.57,0.0
2011-11-25,16.74,16.92,16.7,16.78,281684.0
2011-11-28,17.44,17.48,17.32,17.47,341011.0
2011-11-29,17.15,17.3,17.08,17.13,299180.0
2011-11-30,17.69,18.05,17.62,18.03,1212558.0
2011-12-01,17.85,17.92,17.73,17.77,378784.0
2011-12-02,18.26,18.34,18.17,18.25,286357.0
2011-12-05,18.24,18.29,18.16,18.19,62020.0
2011-12-06,18.11,18.15,18.04,18.08,112134.0
2011-12-07,18.0,18.11,17.91,18.09,175776.0
2011-12-08,17.53,17.59,17.14,17.14,529514.0
2011-12-09,17.26,17.53,17.26,17.53,271516.0
2011-12-12,16.66,16.71,16.53,16.57,596650.0
2011-12-13,16.76,16.82,16.5,16.58,145267.0
2011-12-14,16.28,16.36,16.08,16.1,610117.0
2011-12-15,16.53,16.57,16.35,16.45,453293.0
2011-12-16,16.32,16.39,16.27,16.34,173475.0
2011-12-19,16.22,16.26,15.96,15.98,377759.0
2011-12-20,16.2,16.51,16.16,16.51,603012.0
2011-12-21,16.67,16.69,16.47,16.64,338722.0
2011-12-22,16.76,16.94,16.72,16.94,323935.0
2011-12-23,,,,16.74,0.0
2011-12-27,16.71,16.75,16.63,16.65,168590.0
2011-12-28,16.58,16.58,16.32,16.41,290193.0
2011-12-29,16.37,16.5,16.32,16.5,153776.0
2011-12-30,,,,16.3,0.0
2012-01-03,16.78,17.08,16.76,17.06,463227.0
2012-01-04,16.78,16.92,16.77,16.84,188137.0
2012-01-05,16.75,16.94,16.74,16.91,179941.0
2012-01-06,16.96,16.96,16.82,16.9,128659.0
2012-01-09,16.93,17.05,16.93,17.04,145230.0
2012-01-10,17.62,17.72,17.59,17.69,495738.0
2012-01-11,17.47,17.65,17.46,17.61,241005.0
2012-01-12,17.48,17.58,17.46,17.54,288135.0
2012-01-13,,,,17.51,0.0
2012-01-17,18.16,18.23,18.06,18.15,429185.0
2012-01-18,18.25,18.48,18.19,18.48,279863.0
2012-01-19,18.58,18.69,18.57,18.67,242909.0
2012-01-20,18.6,18.7,18.59,18.7,90862.0
2012-01-23,18.79,18.83,18.72,18.76,163534.0
2012-01-24,18.77,19.03,18.75,19.03,447493.0
2012-01-25,19.0,19.32,18.91,19.32,421223.0
2012-01-26,19.41,19.49,19.24,19.29,233213.0
2012-01-27,19.35,19.42,19.29,19.38,196252.0
2012-01-30,18.9,19.06,18.79,18.97,353395.0
2012-01-31,19.37,19.44,19.21,19.35,254209.0
2012-02-01,19.62,19.82,19.59,19.79,502196.0
2012-02-02,19.8,19.9,19.76,19.89,197818.0
2012-02-03,20.26,20.42,20.22,20.39,694452.0
2012-02-06,20.15,20.23,20.08,20.22,262663.0
2012-02-07,19.87,20.01,19.8,19.93,315746.0
2012-02-08,20.0,20.12,19.96,20.08,102142.0
2012-02-09,20.17,20.22,20.11,20.14,184811.0
2012-02-10,19.88,19.9,19.75,19.78,325013.0
2012-02-13,20.14,20.17,20.01,20.13,206025.0
2012-02-14,20.01,20.12,19.99,20.05,99192.0
2012-02-15,20.49,20.49,20.3,20.35,441664.0
2012-02-16,20.35,20.62,20.34,20.61,260669.0
2012-02-17,20.63,20.72,20.61,20.71,92456.0
2012-02-21,20.83,20.92,20.76,20.85,408501.0
2012-02-22,20.52,20.6,20.43,20.57,229546.0
2012-02-23,20.38,20.52,20.36,20.49,234425.0
2012-02-24,20.34,20.48,20.33,20.45,376827.0
2012-02-27,19.76,19.96,19.7,19.87,561866.0
2012-02-28,20.08,20.22,20.08,20.21,266665.0
2012-02-29,20.3,20.35,20.02,20.02,187024.0
2012-03-01,20.0,20.2,20.0,20.18,172429.0
2012-03-02,19.97,20.02,19.91,19.92,351371.0
2012-03-05,19.66,19.69,19.54,19.55,306716.0
2012-03-06,19.07,19.07,18.8,18.82,445893.0
2012-03-07,18.97,19.17,18.97,19.14,385975.0
2012-03-08,19.43,19.52,19.37,19.5,390280.0
2012-03-09,19.82,19.91,19.72,19.83,470898.0
2012-03-12,19.59,19.63,19.47,19.54,276958.0
2012-03-13,19.85,20.18,19.76,20.17,858266.0
2012-03-14,19.94,19.96,19.78,19.79,343470.0
2012-03-15,19.53,19.61,19.45,19.56,381723.0
2012-03-16,19.27,19.31,19.22,19.22,225895.0
2012-03-19,19.0,19.12,18.94,19.04,206075.0
2012-03-20,18.91,18.98,18.79,18.86,311502.0
2012-03-21,19.17,19.18,19.08,19.17,308469.0
2012-03-22,18.55,18.57,18.43,18.45,652992.0
2012-03-23,18.6,18.75,18.54,18.74,316582.0
2012-03-26,18.52,18.62,18.46,18.57,322917.0
2012-03-27,18.7,18.74,18.66,18.67,189895.0
2012-03-28,18.45,18.49,18.29,18.34,845096.0
2012-03-29,18.23,18.33,18.12,18.31,224798.0
2012-03-30,18.79,18.85,18.7,18.84,479240.0
2012-04-02,18.9,19.18,18.8,19.11,597094.0
2012-04-03,19.2,19.22,18.98,19.1,336276.0
2012-04-04,18.85,18.85,18.69,18.73,270036.0
2012-04-05,18.72,18.83,18.68,18.83,150359.0
2012-04-09,18.51,18.53,18.43,18.43,288335.0
2012-04-10,18.39,18.43,18.12,18.12,347367.0
2012-04-11,18.43,18.43,18.31,18.4,168795.0
2012-04-12,18.47,18.82,18.47,18.81,347774.0
2012-04-13,18.27,18.28,17.99,17.99,948276.0
2012-04-16,18.14,18.19,18.01,18.07,210167.0
2012-04-17,18.5,18.7,18.44,18.67,594704.0
2012-04-18,18.36,18.46,18.35,18.4,273791.0
2012-04-19,18.36,18.43,18.24,18.28,134379.0
2012-04-20,18.28,18.39,18.28,18.31,122312.0
2012-04-23,17.81,17.84,17.61,17.77,593890.0
2012-04-24,17.85,17.9,17.77,17.83,216322.0
2012-04-25,17.78,17.85,17.76,17.85,149802.0
2012-04-26,17.68,17.85,17.68,17.81,177674.0
2012-04-27,17.76,17.82,17.68,17.75,370881.0
2012-04-30,17.8,17.88,17.79,17.84,251505.0
2012-05-01,17.81,17.99,17.79,17.93,125135.0
2012-05-02,17.7,17.7,17.6,17.61,203356.0
2012-05-03,17.52,17.56,17.29,17.31,519768.0
2012-05-04,17.14,17.14,16.97,16.98,653946.0
2012-05-07,17.39,17.48,17.37,17.48,433589.0
2012-05-08,17.06,17.06,16.8,16.94,734956.0
2012-05-09,16.66,16.79,16.54,16.7,306271.0
2012-05-10,16.94,16.99,16.86,16.92,282348.0
2012-05-11,16.66,16.8,16.6,16.61,227646.0
2012-05-14,16.41,16.46,16.28,16.28,337669.0
2012-05-15,16.46,16.51,16.34,16.35,255726.0
2012-05-16,16.24,16.31,16.1,16.1,799550.0
2012-05-17,16.12,16.13,15.97,16.0,241213.0
2012-05-18,16.23,16.26,16.09,16.13,306654.0
2012-05-21,16.02,16.36,16.02,16.35,349696.0
2012-05-22,15.94,16.07,15.78,15.83,532668.0
2012-05-23,15.62,15.75,15.45,15.74,323435.0
2012-05-24,16.03,16.05,15.85,15.99,437793.0
2012-05-25,16.01,16.07,15.96,16.02,536659.0
2012-05-29,16.24,16.29,16.07,16.19,328529.0
2012-05-30,15.88,15.89,15.72,15.79,409894.0
2012-05-31,15.89,15.95,15.75,15.94,255282.0
2012-06-01,15.74,15.86,15.68,15.73,329028.0
2012-06-04,15.9,15.97,15.82,15.95,319456.0
2012-06-05,15.89,15.98,15.86,15.98,76321.0
2012-06-06,16.31,16.64,16.3,16.62,530793.0
2012-06-07,16.81,16.89,16.59,16.61,385388.0
2012-06-08,16.48,16.59,16.47,16.55,247701.0
2012-06-11,16.34,16.4,15.99,16.01,568673.0
2012-06-12,16.45,16.61,16.38,16.6,790428.0
2012-06-13,16.58,16.66,16.46,16.47,174290.0
2012-06-14,16.39,16.5,16.3,16.43,102015.0
2012-06-15,16.54,16.85,16.53,16.83,551707.0
2012-06-18,16.2,16.43,16.19,16.31,504966.0
2012-06-19,16.53,16.61,16.51,16.56,771349.0
2012-06-20,16.49,16.49,16.3,16.38,229880.0
2012-06-21,16.45,16.45,16.05,16.08,299232.0
2012-06-22,16.26,16.26,16.11,16.19,362870.0
2012-06-25,16.1,16.1,15.96,16.02,306882.0
2012-06-26,16.14,16.24,16.09,16.2,227706.0
2012-06-27,16.25,16.37,16.24,16.36,153492.0
2012-06-28,16.24,16.27,16.15,16.25,223504.0
2012-06-29,17.04,17.32,17.03,17.32,1132818.0
2012-07-02,17.12,17.22,17.1,17.2,203376.0
2012-07-03,17.51,17.7,17.48,17.7,554508.0
2012-07-05,17.25,17.29,17.17,17.19,716126.0
2012-07-06,17.05,17.05,16.92,16.95,276843.0
2012-07-09,16.83,16.95,16.83,16.91,135849.0
2012-07-10,17.23,17.24,17.02,17.09,481928.0
2012-07-11,17.05,17.16,16.99,17.02,403335.0
2012-07-12,16.68,16.71,16.59,16.66,537442.0
2012-07-13,16.89,17.07,16.82,17.04,483174.0
2012-07-16,16.79,16.93,16.79,16.86,302914.0
2012-07-17,16.85,16.86,16.65,16.82,386620.0
2012-07-18,16.75,16.86,16.71,16.85,86938.0
2012-07-19,16.95,17.02,16.89,16.99,1365460.0
2012-07-20,16.73,16.76,16.66,16.66,554707.0
2012-07-23,16.23,16.28,16.16,16.26,461767.0
2012-07-24,16.34,16.34,16.19,16.31,246062.0
2012-07-25,16.28,16.32,16.18,16.23,203714.0
2012-07-26,16.35,16.4,16.28,16.39,467942.0
2012-07-27,16.46,16.6,16.39,16.56,511530.0
2012-07-30,16.56,16.72,16.56,16.71,375182.0
2012-07-31,16.64,16.7,16.54,16.56,297472.0
2012-08-01,16.64,16.66,16.55,16.66,383846.0
2012-08-02,16.41,16.51,16.36,16.38,523602.0
2012-08-03,16.67,16.92,16.65,16.91,546066.0
2012-08-06,16.95,17.02,16.91,16.99,249443.0
2012-08-07,17.17,17.3,17.14,17.21,325966.0
2012-08-08,17.1,17.21,17.1,17.13,132354.0
2012-08-09,17.03,17.08,16.97,16.97,280527.0
2012-08-10,16.98,17.13,16.95,17.12,325313.0
2012-08-13,17.1,17.12,16.98,16.99,150186.0
2012-08-14,17.07,17.09,17.01,17.06,115135.0
2012-08-15,17.01,17.08,17.01,17.02,200419.0
2012-08-16,17.04,17.13,17.0,17.08,913922.0
2012-08-17,17.04,17.08,17.01,17.01,105279.0
2012-08-20,17.02,17.13,17.01,17.12,198247.0
2012-08-21,17.38,17.46,17.3,17.41,285681.0
2012-08-22,17.29,17.45,17.26,17.43,277334.0
2012-08-23,17.36,17.37,17.25,17.27,249220.0
2012-08-24,17.24,17.34,17.23,17.33,126305.0
2012-08-27,17.19,17.19,17.07,17.07,486221.0
2012-08-28,17.05,17.1,16.99,16.99,261496.0
2012-08-29,16.91,16.94,16.86,16.86,188553.0
2012-08-30,16.94,16.97,16.87,16.94,730737.0
2012-08-31,16.97,16.97,16.81,16.88,202398.0
2012-09-04,16.92,16.92,16.8,16.85,253720.0
2012-09-05,16.71,16.78,16.67,16.78,693091.0
2012-09-06,16.86,17.13,16.86,17.13,318422.0
2012-09-07,17.31,17.41,17.31,17.38,574459.0
2012-09-10,17.29,17.33,17.21,17.22,212161.0
2012-09-11,17.38,17.5,17.38,17.49,242320.0
2012-09-12,17.5,17.58,17.5,17.56,92890.0
2012-09-13,17.49,17.91,17.47,17.87,805453.0
2012-09-14,18.28,18.49,18.28,18.37,688968.0
2012-09-17,18.33,18.37,18.22,18.22,293643.0
2012-09-18,18.26,18.27,18.02,18.09,516016.0
2012-09-19,18.04,18.2,18.04,18.17,1485068.0
2012-09-20,17.98,18.08,17.91,18.06,219483.0
2012-09-21,18.71,18.76,18.66,18.75,653832.0
2012-09-24,18.65,18.65,18.48,18.56,225623.0
2012-09-25,18.6,18.65,18.4,18.41,191046.0
2012-09-26,18.43,18.43,18.27,18.36,185143.0
2012-09-27,18.52,18.69,18.45,18.62,286272.0
2012-09-28,18.76,18.79,18.68,18.77,261243.0
2012-10-01,19.0,19.1,18.97,19.05,305064.0
2012-10-02,19.09,19.09,18.98,19.04,272447.0
2012-10-03,19.15,19.17,19.06,19.15,264673.0
2012-10-04,19.51,19.64,19.44,19.64,531148.0
2012-10-05,19.39,19.46,19.24,19.26,399415.0
2012-10-08,18.83,18.91,18.74,18.85,368799.0
2012-10-09,18.8,18.82,18.63,18.64,257751.0
2012-10-10,18.45,18.5,18.36,18.43,322347.0
2012-10-11,18.77,18.8,18.71,18.77,276576.0
2012-10-12,18.57,18.6,18.46,18.48,268579.0
2012-10-15,18.52,18.62,18.41,18.62,270379.0
2012-10-16,18.53,18.58,18.49,18.54,167251.0
2012-10-17,18.48,18.59,18.41,18.58,85544.0
2012-10-18,18.37,18.44,18.33,18.34,336535.0
2012-10-19,18.21,18.21,18.02,18.06,376742.0
2012-10-22,18.31,18.42,18.26,18.38,342324.0
2012-10-23,18.16,18.16,18.01,18.07,342182.0
2012-10-24,18.14,18.17,18.05,18.08,128960.0
2012-10-25,18.25,18.31,18.16,18.27,207540.0
2012-10-26,18.12,18.17,18.01,18.02,287576.0
2012-10-31,17.84,17.97,17.8,17.85,295765.0
2012-11-01,18.05,18.25,18.04,18.25,393094.0
2012-11-02,18.26,18.29,18.18,18.19,395425.0
2012-11-05,17.91,18.09,17.91,18.03,678841.0
2012-11-06,18.05,18.16,18.04,18.13,205886.0
2012-11-07,18.07,18.1,17.87,17.98,358426.0
2012-11-08,18.08,18.13,17.94,17.97,314078.0
2012-11-09,17.76,17.81,17.69,17.69,360289.0
2012-11-12,17.73,17.73,17.63,17.64,299897.0
2012-11-13,17.58,17.65,17.53,17.6,138748.0
2012-11-14,17.74,17.74,17.47,17.47,422653.0
2012-11-15,17.53,17.6,17.48,17.52,163164.0
2012-11-16,17.41,17.45,17.27,17.42,241567.0
2012-11-19,17.51,17.62,17.48,17.62,209662.0
2012-11-20,17.35,17.44,17.33,17.41,241152.0
2012-11-21,17.46,17.52,17.43,17.49,207557.0
2012-11-23,17.39,17.5,17.39,17.48,595497.0
2012-11-26,17.37,17.49,17.37,17.47,1198438.0
2012-11-27,17.68,17.7,17.54,17.59,870816.0
2012-11-28,17.47,17.65,17.4,17.64,398199.0
2012-11-29,18.02,18.25,18.02,18.23,1352651.0
2012-11-30,18.39,18.41,18.31,18.4,1346872.0
2012-12-03,18.37,18.4,18.28,18.28,300057.0
2012-12-04,18.3,18.39,18.3,18.35,262251.0
2012-12-05,18.4,18.47,18.33,18.44,561397.0
2012-12-06,18.5,18.62,18.49,18.62,579646.0
2012-12-07,18.5,18.5,18.41,18.42,1073529.0
2012-12-10,18.4,18.48,18.38,18.45,745004.0
2012-12-11,18.34,18.41,18.3,18.39,837509.0
2012-12-12,18.31,18.39,18.25,18.29,397452.0
2012-12-13,18.22,18.22,18.04,18.06,506503.0
2012-12-14,18.17,18.2,18.12,18.2,412869.0
2012-12-17,18.11,18.17,18.02,18.14,859877.0
2012-12-18,18.12,18.19,18.04,18.16,329327.0
2012-12-19,18.25,18.35,18.25,18.3,563056.0
2012-12-20,18.13,18.32,18.12,18.32,311819.0
2012-12-21,17.87,17.96,17.79,17.86,867949.0
2012-12-24,17.97,17.97,17.85,17.88,359107.0
2012-12-26,18.07,18.18,18.02,18.17,527036.0
2012-12-27,18.04,18.04,17.88,17.97,584789.0
2012-12-28,18.09,18.22,18.08,18.2,706121.0
2012-12-31,18.21,18.36,18.13,18.36,379387.0
2013-01-02,18.6,18.86,18.6,18.85,1128437.0
2013-01-03,18.6,18.78,18.6,18.67,771591.0
2013-01-04,18.54,18.65,18.54,18.62,401759.0
2013-01-07,18.4,18.46,18.37,18.42,578028.0
2013-01-08,18.56,18.56,18.41,18.51,365888.0
2013-01-09,18.55,18.6,18.52,18.58,177459.0
2013-01-10,18.64,18.71,18.57,18.7,408672.0
2013-01-11,18.66,18.67,18.57,18.57,1227760.0
2013-01-14,18.95,19.01,18.91,18.97,923051.0
2013-01-15,18.94,19.02,18.91,19.02,430248.0
2013-01-16,18.78,18.9,18.78,18.84,649771.0
2013-01-17,19.18,19.35,19.17,19.35,1320676.0
2013-01-18,19.54,19.65,19.51,19.65,704693.0
2013-01-22,19.53,19.61,19.52,19.58,205774.0
2013-01-23,19.49,19.53,19.45,19.48,518078.0
2013-01-24,19.31,19.43,19.3,19.32,472958.0
2013-01-25,19.53,19.58,19.42,19.58,617026.0
2013-01-28,19.4,19.48,19.31,19.31,520114.0
2013-01-29,19.41,19.49,19.34,19.47,541842.0
2013-01-30,19.58,19.64,19.57,19.59,305873.0
2013-01-31,19.55,19.62,19.54,19.6,234111.0
2013-02-01,19.57,19.66,19.53,19.66,249842.0
2013-02-04,19.27,19.36,19.21,19.21,1047215.0
2013-02-05,19.38,19.42,19.3,19.3,794500.0
2013-02-06,19.25,19.29,19.2,19.26,274107.0
2013-02-07,19.12,19.15,19.02,19.1,679275.0
2013-02-08,18.99,19.05,18.9,18.97,948425.0
2013-02-11,18.87,18.91,18.77,18.82,342680.0
2013-02-12,18.96,19.05,18.88,19.03,452409.0
2013-02-13,18.99,19.09,18.96,18.97,281703.0
2013-02-14,18.76,18.8,18.72,18.73,2108927.0
2013-02-15,18.69,18.7,18.59,18.6,492384.0
2013-02-19,18.89,19.01,18.87,18.99,1086092.0
2013-02-20,18.9,19.0,18.81,18.81,783695.0
2013-02-21,18.54,18.54,18.37,18.42,2332018.0
2013-02-22,18.63,18.72,18.59,18.72,504438.0
2013-02-25,18.85,18.88,18.48,18.48,1966125.0
2013-02-26,18.48,18.52,18.4,18.51,431848.0
2013-02-27,18.63,18.78,18.63,18.72,1056270.0
2013-02-28,18.14,18.26,18.04,18.04,1264751.0
2013-03-01,17.98,17.99,17.9,17.94,319749.0
2013-03-04,17.87,17.89,17.79,17.87,234274.0
2013-03-05,18.2,18.28,18.2,18.27,567197.0
2013-03-06,18.33,18.39,18.28,18.34,259253.0
2013-03-07,18.54,18.6,18.53,18.54,1024927.0
2013-03-08,18.75,18.97,18.73,18.96,1141647.0
2013-03-11,18.89,18.89,18.73,18.79,481180.0
2013-03-12,18.75,18.78,18.65,18.66,281827.0
2013-03-13,18.5,18.55,18.4,18.43,423484.0
2013-03-14,18.61,18.77,18.61,18.76,423545.0
2013-03-15,18.7,18.74,18.64,18.69,590277.0
2013-03-18,18.45,18.57,18.45,18.45,522091.0
2013-03-19,18.18,18.18,17.92,18.03,726319.0
2013-03-20,17.97,18.04,17.95,18.0,450265.0
2013-03-21,17.92,17.92,17.77,17.77,777147.0
2013-03-22,17.81,17.9,17.76,17.84,247618.0
2013-03-25,17.88,17.91,17.72,17.83,371655.0
2013-03-26,17.86,17.89,17.81,17.82,191037.0
2013-03-27,17.8,17.92,17.75,17.92,375493.0
2013-03-28,17.89,18.07,17.89,18.05,484920.0
2013-04-01,18.06,18.06,17.94,17.95,548148.0
2013-04-02,18.26,18.27,18.19,18.27,1121423.0
2013-04-03,18.11,18.12,17.86,17.89,735048.0
2013-04-04,17.66,17.7,17.57,17.62,441109.0
2013-04-05,17.6,17.7,17.5,17.69,368734.0
2013-04-08,17.75,17.83,17.68,17.83,356498.0
2013-04-09,17.61,17.75,17.54,17.61,968198.0
2013-04-10,17.8,17.94,17.73,17.94,620821.0
2013-04-11,17.88,17.94,17.82,17.82,347714.0
2013-04-12,17.41,17.52,17.27,17.31,894028.0
2013-04-15,17.45,17.5,17.26,17.26,313054.0
2013-04-16,17.93,18.05,17.83,18.03,971118.0
2013-04-17,17.85,17.9,17.73,17.77,636983.0
2013-04-18,18.11,18.11,17.97,18.03,495864.0
2013-04-19,18.16,18.31,18.11,18.31,716630.0
2013-04-22,18.22,18.28,18.12,18.2,610566.0
2013-04-23,18.22,18.37,18.22,18.37,714359.0
2013-04-24,18.4,18.47,18.4,18.46,323977.0
2013-04-25,18.42,18.42,18.33,18.35,433396.0
2013-04-26,18.11,18.16,18.04,18.07,670132.0
2013-04-29,18.28,18.49,18.28,18.48,683715.0
2013-04-30,18.64,18.92,18.62,18.92,747275.0
2013-05-01,18.86,18.87,18.64,18.67,612948.0
2013-05-02,18.83,18.95,18.83,18.95,828142.0
2013-05-03,18.8,19.04,18.78,18.93,606964.0
2013-05-06,18.85,18.88,18.8,18.81,1042633.0
2013-05-07,18.89,18.97,18.86,18.94,376872.0
2013-05-08,18.98,19.03,18.95,19.03,221296.0
2013-05-09,18.84,18.86,18.68,18.69,766753.0
2013-05-10,18.62,18.7,18.59,18.69,102725.0
2013-05-13,18.46,18.46,18.34,18.34,535570.0
2013-05-14,18.52,18.59,18.44,18.58,379907.0
2013-05-15,18.84,18.91,18.8,18.91,555089.0
2013-05-16,18.95,19.0,18.86,18.88,454839.0
2013-05-17,18.94,18.99,18.88,18.97,264726.0
2013-05-20,18.85,18.85,18.76,18.79,425285.0
2013-05-21,18.64,18.65,18.53,18.57,622196.0
2013-05-22,18.49,18.64,18.25,18.27,884747.0
2013-05-23,17.96,18.03,17.9,17.96,509365.0
2013-05-24,17.92,17.98,17.85,17.87,422213.0
2013-05-28,18.34,18.38,18.21,18.31,642564.0
2013-05-29,18.14,18.18,18.04,18.07,590848.0
2013-05-30,18.08,18.16,18.04,18.04,180584.0
2013-05-31,17.9,17.9,17.57,17.57,969603.0
2013-06-03,17.66,17.86,17.58,17.85,1018965.0
2013-06-04,17.79,17.81,17.66,17.68,679860.0
2013-06-05,17.71,17.73,17.49,17.5,635204.0
2013-06-06,17.51,17.7,17.49,17.7,540908.0
2013-06-07,17.47,17.52,17.38,17.41,640018.0
2013-06-10,17.13,17.41,17.03,17.07,715262.0
2013-06-11,16.73,16.75,16.61,16.66,921808.0
2013-06-12,16.89,16.92,16.66,16.68,418357.0
2013-06-13,16.57,16.9,16.57,16.89,877424.0
2013-06-14,17.01,17.07,16.87,16.9,506315.0
2013-06-17,17.02,17.1,16.93,17.02,322157.0
2013-06-18,16.63,16.88,16.63,16.86,414004.0
2013-06-19,16.87,16.87,16.29,16.32,1072259.0
2013-06-20,16.06,16.08,15.53,15.59,814994.0
2013-06-21,16.06,16.15,15.84,16.15,2030729.0
2013-06-24,15.77,15.9,15.65,15.69,922751.0
2013-06-25,15.91,16.08,15.79,16.07,936963.0
2013-06-26,15.7,15.96,15.7,15.87,851139.0
2013-06-27,16.09,16.43,16.06,16.38,1621356.0
2013-06-28,16.55,16.58,16.46,16.54,1354904.0
2013-07-01,16.78,16.81,16.67,16.71,463481.0
2013-07-02,16.61,16.75,16.43,16.43,667107.0
2013-07-03,16.18,16.25,16.11,16.14,901116.0
2013-07-05,16.25,16.29,16.0,16.1,335365.0
2013-07-08,16.05,16.24,16.05,16.24,348838.0
2013-07-09,16.33,16.42,16.3,16.39,309455.0
2013-07-10,16.32,16.35,16.15,16.15,888054.0
2013-07-11,16.61,16.85,16.6,16.85,1070349.0
2013-07-12,16.97,16.97,16.83,16.87,779279.0
2013-07-15,17.0,17.21,17.0,17.21,873309.0
2013-07-16,17.12,17.34,17.12,17.33,597826.0
2013-07-17,17.33,17.4,17.29,17.37,1056433.0
2013-07-18,17.49,17.52,17.37,17.39,285123.0
2013-07-19,17.47,17.47,17.33,17.34,357666.0
2013-07-22,17.31,17.47,17.31,17.42,557591.0
2013-07-23,17.44,17.48,17.29,17.29,385943.0
2013-07-24,17.45,17.45,17.21,17.28,267650.0
2013-07-25,17.28,17.29,17.14,17.27,316605.0
2013-07-26,17.12,17.21,17.05,17.19,398320.0
2013-07-29,16.91,16.98,16.84,16.87,746753.0
2013-07-30,16.32,16.36,16.19,16.21,1369655.0
2013-07-31,16.3,16.43,16.17,16.31,636910.0
2013-08-01,16.34,16.54,16.34,16.52,1105191.0
2013-08-02,16.16,16.34,16.15,16.22,1153165.0
2013-08-05,16.11,16.12,15.96,15.97,821529.0
2013-08-06,15.74,15.74,15.6,15.65,974605.0
2013-08-07,15.63,15.7,15.6,15.6,1233810.0
2013-08-08,15.88,16.06,15.78,16.02,1261547.0
2013-08-09,15.98,16.09,15.95,15.97,499312.0
2013-08-12,15.91,16.07,15.91,15.99,174804.0
2013-08-13,16.14,16.21,16.11,16.2,1032029.0
2013-08-14,16.27,16.4,16.27,16.38,1142517.0
2013-08-15,16.24,16.24,16.07,16.17,977917.0
2013-08-16,15.55,15.64,15.36,15.36,1675645.0
2013-08-19,15.0,15.02,14.72,14.72,1132827.0
2013-08-20,14.98,15.13,14.91,15.11,1121115.0
2013-08-21,14.48,14.48,14.18,14.2,2935969.0
2013-08-22,14.68,14.81,14.65,14.81,3750808.0
2013-08-23,15.03,15.11,14.99,15.09,1271649.0
2013-08-26,14.95,15.02,14.72,14.72,857411.0
2013-08-27,13.93,13.98,13.86,13.88,2092085.0
2013-08-28,13.51,14.13,13.5,13.89,2358090.0
2013-08-29,14.16,14.24,14.06,14.1,1521678.0
2013-08-30,14.5,14.56,14.26,14.54,1835964.0
2013-09-03,14.03,14.1,13.88,13.89,2141017.0
2013-09-04,14.5,14.86,14.39,14.84,3036981.0
2013-09-05,14.94,15.22,14.86,15.21,1234813.0
2013-09-06,15.54,15.7,15.45,15.64,1592198.0
2013-09-09,15.72,16.14,15.72,16.12,1685288.0
2013-09-10,16.39,16.45,16.28,16.39,1598571.0
2013-09-11,16.4,16.45,16.34,16.45,710546.0
2013-09-12,16.25,16.25,16.01,16.03,2315091.0
2013-09-13,16.08,16.36,16.05,16.36,1107512.0
2013-09-16,16.34,16.4,16.24,16.26,592150.0
2013-09-17,16.23,16.34,16.23,16.31,517084.0
2013-09-18,16.21,17.25,16.17,17.22,2348045.0
2013-09-19,17.24,17.29,17.0,17.11,1082247.0
2013-09-20,16.76,16.78,16.48,16.48,1740913.0
2013-09-23,16.47,16.51,16.31,16.45,1107114.0
2013-09-24,16.36,16.5,16.31,16.4,428432.0
2013-09-25,16.44,16.48,16.3,16.39,1043000.0
2013-09-26,16.51,16.63,16.48,16.61,670991.0
2013-09-27,16.25,16.25,15.91,15.94,2111189.0
2013-09-30,15.83,16.04,15.79,15.97,862999.0
2013-10-01,15.98,16.25,15.97,16.25,1156672.0
2013-10-02,16.18,16.35,16.13,16.35,557206.0
2013-10-03,16.6,16.62,16.33,16.49,1118527.0
2013-10-04,16.54,16.8,16.54,16.78,1271671.0
2013-10-07,16.64,16.79,16.63,16.69,681440.0
2013-10-08,16.64,16.64,16.28,16.3,1470554.0
2013-10-09,16.74,16.8,16.62,16.77,1327212.0
2013-10-10,17.08,17.39,17.08,17.36,2617242.0
2013-10-11,17.07,17.26,17.07,17.22,709124.0
2013-10-14,17.17,17.56,17.16,17.52,1285352.0
2013-10-15,17.22,17.24,17.0,17.0,1317062.0
2013-10-16,17.09,17.29,17.07,17.29,762889.0
2013-10-17,17.17,17.41,17.16,17.39,362171.0
2013-10-18,17.54,17.58,17.43,17.48,631052.0
2013-10-21,17.5,17.51,17.36,17.4,340345.0
2013-10-22,17.7,17.73,17.57,17.67,1011092.0
2013-10-23,17.27,17.37,17.18,17.18,1296854.0
2013-10-24,17.24,17.24,17.1,17.15,850481.0
2013-10-25,17.15,17.26,17.06,17.23,624422.0
2013-10-28,17.06,17.16,17.05,17.09,723442.0
2013-10-29,17.27,17.44,17.27,17.41,1186032.0
2013-10-30,17.44,17.5,17.29,17.33,369241.0
2013-10-31,17.51,17.59,17.28,17.28,392812.0
2013-11-01,17.4,17.45,17.24,17.35,620924.0
2013-11-04,17.44,17.52,17.41,17.52,680321.0
2013-11-05,17.32,17.34,17.15,17.15,1040461.0
2013-11-06,17.17,17.21,17.1,17.17,323096.0
2013-11-07,17.15,17.15,16.7,16.72,1088027.0
2013-11-08,16.56,16.61,16.43,16.56,697789.0
2013-11-11,16.46,16.47,16.35,16.37,632905.0
2013-11-12,16.18,16.18,15.91,16.01,1416210.0
2013-11-13,16.19,16.41,16.14,16.38,1264869.0
2013-11-14,16.39,16.63,16.31,16.63,870966.0
2013-11-15,16.78,16.83,16.72,16.83,867969.0
2013-11-18,17.05,17.21,17.01,17.04,1181100.0
2013-11-19,17.06,17.1,16.9,16.9,715955.0
2013-11-20,16.74,16.84,16.51,16.6,1162126.0
2013-11-21,16.38,16.43,16.31,16.35,770555.0
2013-11-22,16.43,16.61,16.39,16.61,581946.0
2013-11-25,16.75,16.75,16.49,16.49,587775.0
2013-11-26,16.45,16.58,16.39,16.55,382208.0
2013-11-27,16.56,16.62,16.51,16.54,279488.0
2013-11-29,16.83,16.89,16.75,16.87,716383.0
2013-12-02,16.95,16.97,16.68,16.71,1008991.0
2013-12-03,16.87,16.87,16.66,16.69,242522.0
2013-12-04,16.91,17.22,16.88,17.18,1361409.0
2013-12-05,17.11,17.19,17.05,17.05,391319.0
2013-12-06,17.29,17.63,17.27,17.63,1152194.0
2013-12-09,17.71,17.75,17.68,17.73,473873.0
2013-12-10,17.6,17.64,17.56,17.61,513693.0
2013-12-11,17.43,17.47,17.19,17.19,787757.0
2013-12-12,16.9,16.96,16.76,16.87,1041264.0
2013-12-13,16.85,16.88,16.73,16.85,371818.0
2013-12-16,16.96,17.12,16.96,17.05,597307.0
2013-12-17,16.89,16.99,16.84,16.89,467759.0
2013-12-18,17.03,17.53,16.85,17.36,1672052.0
2013-12-19,16.9,17.01,16.75,16.83,1226776.0
2013-12-20,17.3,17.45,17.23,17.41,1489051.0
2013-12-23,17.41,17.5,17.36,17.41,251027.0
2013-12-24,17.39,17.45,17.39,17.44,163982.0
2013-12-26,17.36,17.41,17.25,17.29,430773.0
2013-12-27,17.49,17.51,17.42,17.45,676448.0
2013-12-30,17.44,17.57,17.43,17.56,489965.0
2013-12-31,17.4,17.63,17.4,17.62,308724.0
2014-01-02,17.22,17.22,16.83,16.85,1741897.0
2014-01-03,17.13,17.19,17.03,17.16,1042112.0
2014-01-06,17.13,17.13,16.99,17.0,632362.0
2014-01-07,16.94,17.02,16.92,16.96,326475.0
2014-01-08,17.0,17.02,16.92,17.0,280816.0
2014-01-09,17.09,17.1,16.94,17.07,447695.0
2014-01-10,17.25,17.53,17.25,17.48,1323029.0
2014-01-13,17.62,17.68,17.36,17.4,561750.0
2014-01-14,17.55,17.63,17.4,17.63,623865.0
2014-01-15,17.69,17.73,17.66,17.69,378260.0
2014-01-16,17.69,17.69,17.58,17.61,379399.0
2014-01-17,17.52,17.52,17.37,17.39,718951.0
2014-01-21,17.5,17.51,17.37,17.43,313723.0
2014-01-22,17.67,17.72,17.55,17.7,1140795.0
2014-01-23,17.62,17.62,17.32,17.38,1071955.0
2014-01-24,17.12,17.12,16.78,16.78,2078556.0
2014-01-27,16.79,16.79,16.48,16.59,950381.0
2014-01-28,16.77,16.83,16.73,16.79,570127.0
2014-01-29,16.64,16.64,16.39,16.42,1258117.0
2014-01-30,16.77,16.86,16.7,16.82,1369737.0
2014-01-31,16.74,16.82,16.6,16.73,608982.0
2014-02-03,16.65,16.65,16.23,16.23,1708868.0
2014-02-04,16.6,16.75,16.57,16.74,1520009.0
2014-02-05,16.66,16.69,16.53,16.54,753792.0
2014-02-06,16.69,16.95,16.66,16.95,923920.0
2014-02-07,16.89,17.02,16.89,16.9,375885.0
2014-02-10,16.73,16.76,16.6,16.63,584351.0
2014-02-11,16.7,17.04,16.7,16.99,1067965.0
2014-02-12,17.01,17.14,16.98,17.01,401116.0
2014-02-13,16.54,16.8,16.5,16.74,922558.0
2014-02-14,16.86,17.05,16.86,17.03,708513.0
2014-02-18,16.9,16.98,16.81,16.81,744711.0
2014-02-19,16.93,16.96,16.75,16.79,570437.0
2014-02-20,16.77,16.97,16.68,16.96,568914.0
2014-02-21,16.93,17.06,16.9,17.01,392055.0
2014-02-24,16.93,17.13,16.93,17.04,410480.0
2014-02-25,17.02,17.06,16.87,16.88,718044.0
2014-02-26,16.99,17.02,16.86,16.93,356721.0
2014-02-27,16.96,17.19,16.96,17.19,747346.0
2014-02-28,17.25,17.29,17.03,17.07,698263.0
2014-03-03,16.88,16.9,16.76,16.76,1035344.0
2014-03-04,17.23,17.37,17.19,17.35,1637246.0
2014-03-05,17.36,17.56,17.34,17.56,779228.0
2014-03-06,17.79,17.99,17.74,17.95,2092630.0
2014-03-07,17.87,17.93,17.71,17.76,1330635.0
2014-03-10,17.98,17.98,17.83,17.96,973865.0
2014-03-11,17.88,17.93,17.68,17.68,693078.0
2014-03-12,17.74,17.86,17.69,17.86,739252.0
2014-03-13,17.69,17.78,17.44,17.46,1605034.0
2014-03-14,17.62,17.72,17.55,17.59,712973.0
2014-03-17,17.7,17.84,17.7,17.81,772589.0
2014-03-18,17.78,18.03,17.74,18.02,1602307.0
2014-03-19,17.78,17.87,17.36,17.5,1637022.0
2014-03-20,17.61,17.84,17.58,17.84,1085419.0
2014-03-21,17.66,17.84,17.56,17.59,1795687.0
2014-03-24,17.87,18.04,17.83,18.02,1221813.0
2014-03-25,18.07,18.23,18.07,18.2,647105.0
2014-03-26,18.25,18.34,18.19,18.21,534220.0
2014-03-27,18.26,18.46,18.22,18.36,3145087.0
2014-03-28,18.58,18.75,18.58,18.67,1461841.0
2014-03-31,18.69,18.79,18.68,18.69,555602.0
2014-04-01,18.85,18.96,18.77,18.96,1301947.0
2014-04-02,18.96,19.07,18.94,19.03,673581.0
2014-04-03,18.8,18.83,18.64,18.74,2171152.0
2014-04-04,18.88,19.09,18.74,18.76,976815.0
2014-04-07,18.67,18.82,18.64,18.69,445215.0
2014-04-08,18.8,18.98,18.8,18.9,1027152.0
2014-04-09,18.96,19.21,18.86,19.21,1173510.0
2014-04-10,18.97,19.02,18.66,18.67,1307677.0
2014-04-11,18.71,18.85,18.69,18.84,677429.0
2014-04-14,18.87,18.94,18.78,18.93,399029.0
2014-04-15,18.81,18.84,18.54,18.66,1071886.0
2014-04-16,18.51,18.69,18.48,18.62,404852.0
2014-04-17,18.81,18.96,18.79,18.94,973425.0
2014-04-21,18.83,18.89,18.8,18.82,352338.0
2014-04-22,18.76,18.85,18.7,18.7,317850.0
2014-04-23,18.69,18.7,18.56,18.62,460215.0
2014-04-24,18.6,18.7,18.53,18.69,249102.0
2014-04-25,18.63,18.63,18.54,18.57,361748.0
2014-04-28,18.6,18.74,18.52,18.7,382396.0
2014-04-29,18.59,18.81,18.59,18.79,209386.0
2014-04-30,18.55,18.7,18.55,18.67,950741.0
2014-05-01,18.6,18.71,18.6,18.67,235958.0
2014-05-02,18.56,18.78,18.56,18.77,520004.0
2014-05-05,18.54,18.7,18.54,18.64,408753.0
2014-05-06,18.65,18.82,18.64,18.76,527902.0
2014-05-07,18.54,18.67,18.53,18.61,400086.0
2014-05-08,18.53,18.61,18.48,18.5,458716.0
2014-05-09,18.94,19.16,18.91,19.12,1685397.0
2014-05-12,19.77,19.86,19.64,19.8,1336323.0
2014-05-13,19.88,19.99,19.83,19.99,541095.0
2014-05-14,19.87,19.94,19.82,19.84,775586.0
2014-05-15,19.97,19.98,19.76,19.77,414019.0
2014-05-16,20.55,20.85,20.43,20.77,2343059.0
2014-05-19,20.89,21.06,20.85,21.03,1283210.0
2014-05-20,20.91,20.99,20.87,20.91,736530.0
2014-05-21,20.87,21.08,20.87,21.05,662602.0
2014-05-22,21.2,21.29,21.19,21.27,712465.0
2014-05-23,21.54,21.67,21.52,21.6,1065504.0
2014-05-27,21.15,21.25,20.96,20.96,1714153.0
2014-05-28,20.98,21.02,20.89,20.94,459874.0
2014-05-29,20.79,20.79,20.67,20.7,716249.0
2014-05-30,20.74,21.23,20.56,20.56,424788.0
2014-06-02,21.1,21.26,21.08,21.22,2019095.0
2014-06-03,21.35,21.44,21.28,21.44,618618.0
2014-06-04,21.25,21.33,21.19,21.27,508129.0
2014-06-05,21.74,21.91,21.69,21.9,1113448.0
2014-06-06,22.22,22.36,22.22,22.32,1014596.0
2014-06-09,22.21,22.28,22.18,22.28,465396.0
2014-06-10,22.25,22.25,22.13,22.16,465587.0
2014-06-11,21.88,21.97,21.84,21.87,2796881.0
2014-06-12,22.06,22.12,21.87,21.93,575882.0
2014-06-13,21.53,21.56,21.42,21.46,1016139.0
2014-06-16,21.37,21.43,21.28,21.29,548062.0
2014-06-17,21.59,21.74,21.57,21.72,1626482.0
2014-06-18,21.44,21.81,21.41,21.8,888947.0
2014-06-19,21.43,21.46,21.3,21.31,1108469.0
2014-06-20,21.26,21.33,21.19,21.28,1550039.0
2014-06-23,21.3,21.41,21.26,21.4,486048.0
2014-06-24,21.48,21.65,21.44,21.48,712999.0
2014-06-25,21.53,21.64,21.48,21.64,582142.0
2014-06-26,21.21,21.28,21.14,21.21,1016926.0
2014-06-27,21.28,21.47,21.28,21.47,820484.0
2014-06-30,21.63,21.65,21.56,21.62,789581.0
2014-07-01,21.67,21.85,21.65,21.84,996923.0
2014-07-02,22.11,22.2,22.1,22.19,1060890.0
2014-07-03,22.0,22.09,21.97,22.04,462745.0
2014-07-07,22.03,22.1,22.02,22.1,354996.0
2014-07-08,21.61,21.63,21.41,21.41,1905010.0
2014-07-09,21.48,21.6,21.46,21.6,1156750.0
2014-07-10,21.17,21.31,21.03,21.29,1008283.0
2014-07-11,21.1,21.14,21.03,21.07,1160222.0
2014-07-14,21.03,21.09,21.02,21.09,189336.0
2014-07-15,21.23,21.24,21.1,21.19,2829026.0
2014-07-16,21.45,21.49,21.37,21.48,720920.0
2014-07-17,21.43,21.48,21.05,21.06,1541395.0
2014-07-18,21.36,21.46,21.33,21.46,1231081.0
2014-07-21,21.37,21.55,21.34,21.51,394741.0
2014-07-22,21.86,21.99,21.85,21.97,1499795.0
2014-07-23,21.97,22.0,21.9,21.92,864257.0
2014-07-24,22.02,22.08,21.97,22.08,753799.0
2014-07-25,21.9,21.93,21.82,21.83,878658.0
2014-07-28,21.75,21.97,21.75,21.96,591670.0
2014-07-29,21.93,21.95,21.75,21.76,830640.0
2014-07-30,21.98,21.98,21.71,21.84,851082.0
2014-07-31,21.51,21.56,21.28,21.35,1863587.0
2014-08-01,21.25,21.42,21.22,21.38,453260.0
2014-08-04,21.46,21.66,21.42,21.65,1016057.0
2014-08-05,21.59,21.61,21.43,21.5,752085.0
2014-08-06,21.21,21.33,21.12,21.21,1057488.0
2014-08-07,21.24,21.26,21.04,21.08,790954.0
2014-08-08,21.09,21.31,21.08,21.31,676055.0
2014-08-11,21.32,21.47,21.31,21.47,477462.0
2014-08-12,21.38,21.44,21.35,21.39,324249.0
2014-08-13,21.52,21.62,21.52,21.59,502729.0
2014-08-14,21.83,21.9,21.8,21.89,762073.0
2014-08-15,21.85,21.93,21.67,21.73,1383406.0
2014-08-18,22.11,22.18,22.03,22.18,981631.0
2014-08-19,22.16,22.25,22.14,22.25,769441.0
2014-08-20,22.11,22.26,22.08,22.18,499750.0
2014-08-21,22.13,22.22,22.13,22.17,522723.0
2014-08-22,22.19,22.24,22.11,22.18,269598.0
2014-08-25,22.11,22.2,22.08,22.16,238074.0
2014-08-26,22.14,22.19,22.11,22.11,227376.0
2014-08-27,22.22,22.28,22.19,22.26,1203228.0
2014-08-28,22.15,22.16,22.07,22.12,462285.0
2014-08-29,22.25,22.31,22.18,22.24,445151.0
2014-09-02,22.57,22.7,22.43,22.51,1398853.0
2014-09-03,22.81,22.91,22.68,22.78,1029932.0
2014-09-04,22.78,22.85,22.64,22.64,618307.0
2014-09-05,22.81,23.04,22.76,23.04,804984.0
2014-09-08,23.09,23.17,23.0,23.05,431172.0
2014-09-09,22.89,22.9,22.67,22.67,1377171.0
2014-09-10,22.61,22.75,22.53,22.75,578778.0
2014-09-11,22.57,22.61,22.44,22.44,893890.0
2014-09-12,22.58,22.58,22.31,22.4,566623.0
2014-09-15,22.31,22.33,22.16,22.16,953558.0
2014-09-16,21.88,22.12,21.78,22.01,926508.0
2014-09-17,22.12,22.19,21.91,21.91,765613.0
2014-09-18,22.37,22.58,22.3,22.55,997573.0
2014-09-19,22.35,22.41,22.14,22.15,1278665.0
2014-09-22,22.29,22.3,22.05,22.1,410743.0
2014-09-23,21.84,21.85,21.74,21.75,1025095.0
2014-09-24,21.9,22.14,21.86,22.13,872517.0
2014-09-25,21.51,21.56,21.34,21.36,1222369.0
2014-09-26,21.63,21.79,21.58,21.76,3221828.0
2014-09-29,21.59,21.64,21.49,21.58,1282225.0
2014-09-30,21.56,21.67,21.5,21.67,503479.0
2014-10-01,21.69,21.73,21.3,21.31,1448032.0
2014-10-02,21.4,21.54,21.16,21.49,917620.0
2014-10-03,21.45,21.71,21.38,21.68,921333.0
2014-10-06,21.81,21.86,21.61,21.85,601879.0
2014-10-07,21.66,21.66,21.34,21.34,1864000.0
2014-10-08,21.41,21.87,21.31,21.85,2085965.0
2014-10-09,21.79,21.79,21.54,21.57,1511172.0
2014-10-10,21.51,21.58,21.34,21.34,1154832.0
2014-10-13,21.79,21.92,21.56,21.59,1711215.0
2014-10-14,21.63,21.69,21.5,21.6,1060470.0
2014-10-15,21.53,21.67,21.21,21.6,1962607.0
2014-10-16,20.87,21.27,20.81,21.08,2540694.0
2014-10-17,21.09,21.35,21.08,21.29,2489824.0
2014-10-20,21.43,21.72,21.43,21.72,1630065.0
2014-10-21,21.72,21.94,21.72,21.91,1163037.0
2014-10-22,21.77,21.83,21.65,21.66,1351251.0
2014-10-23,21.79,21.9,21.77,21.79,796345.0
2014-10-24,21.86,21.98,21.82,21.98,974676.0
2014-10-27,21.61,21.7,21.6,21.65,1246359.0
2014-10-28,21.77,21.99,21.74,21.99,1214335.0
2014-10-29,21.96,22.05,21.72,21.84,993659.0
2014-10-30,22.0,22.25,22.0,22.23,1554167.0
2014-10-31,22.53,22.61,22.46,22.59,1629303.0
2014-11-03,22.57,22.6,22.52,22.52,622677.0
2014-11-04,22.58,22.67,22.51,22.67,864680.0
2014-11-05,22.46,22.53,22.37,22.45,838883.0
2014-11-06,22.51,22.54,22.41,22.41,843875.0
2014-11-07,22.48,22.55,22.35,22.52,645955.0
2014-11-10,22.45,22.47,22.38,22.39,597298.0
2014-11-11,22.42,22.5,22.38,22.41,673691.0
2014-11-12,22.37,22.46,22.36,22.4,2580177.0
2014-11-13,22.32,22.32,22.21,22.24,3019718.0
2014-11-14,22.34,22.44,22.25,22.42,733838.0
2014-11-17,22.4,22.46,22.39,22.4,663442.0
2014-11-18,22.47,22.57,22.46,22.55,540044.0
2014-11-19,22.19,22.34,22.15,22.23,1214044.0
2014-11-20,22.27,22.35,22.27,22.33,464437.0
2014-11-21,22.57,22.79,22.5,22.77,2781928.0
2014-11-24,22.5,22.56,22.46,22.47,1181587.0
2014-11-25,22.45,22.45,22.28,22.28,885268.0
2014-11-26,22.42,22.54,22.42,22.54,946461.0
2014-11-28,22.48,22.49,22.36,22.39,586381.0
2014-12-01,22.4,22.5,22.19,22.2,897364.0
2014-12-02,22.32,22.41,22.32,22.41,895098.0
2014-12-03,22.5,22.54,22.48,22.51,588213.0
2014-12-04,22.51,22.58,22.47,22.52,276646.0
2014-12-05,22.29,22.39,22.26,22.32,1099898.0
2014-12-08,22.01,22.06,21.91,21.96,1817795.0
2014-12-09,21.63,21.63,21.51,21.53,1632636.0
2014-12-10,21.68,21.69,21.39,21.44,593091.0
2014-12-11,21.2,21.34,21.19,21.22,1780933.0
2014-12-12,21.01,21.06,20.81,20.83,1277470.0
2014-12-15,20.63,20.65,20.27,20.3,2028458.0
2014-12-16,19.96,20.26,19.9,20.03,1596311.0
2014-12-17,20.13,20.72,20.13,20.62,2455306.0
2014-12-18,20.89,21.04,20.83,21.04,1810350.0
2014-12-19,20.8,20.96,20.79,20.87,792106.0
2014-12-22,21.05,21.2,21.03,21.19,764171.0
2014-12-23,20.94,20.99,20.8,20.8,1388774.0
2014-12-24,20.61,20.72,20.6,20.68,1432788.0
2014-12-26,20.72,20.74,20.56,20.56,504795.0
2014-12-29,20.83,20.97,20.83,20.86,608952.0
2014-12-30,20.91,21.02,20.9,21.0,326766.0
2014-12-31,21.13,21.17,20.99,20.99,476481.0
2015-01-02,21.37,21.39,21.26,21.38,1850590.0
2015-01-05,21.24,21.25,20.97,21.0,1163731.0
2015-01-06,20.58,20.61,20.3,20.36,1964286.0
2015-01-07,20.67,20.91,20.62,20.91,2137205.0
2015-01-08,21.24,21.43,21.2,21.42,2045324.0
2015-01-09,21.6,21.61,21.39,21.53,693455.0
2015-01-12,21.63,21.7,21.54,21.61,1534024.0
2015-01-13,21.7,21.77,21.38,21.49,1128409.0
2015-01-14,21.36,21.52,21.27,21.45,630282.0
2015-01-15,21.92,22.12,21.92,22.1,2012412.0
2015-01-16,22.13,22.49,22.11,22.49,2099398.0
2015-01-20,22.58,22.66,22.52,22.58,1935898.0
2015-01-21,22.73,23.02,22.71,23.02,1888460.0
2015-01-22,22.98,23.4,22.91,23.4,1545574.0
2015-01-23,23.1,23.21,23.02,23.04,1467660.0
2015-01-26,23.11,23.25,23.09,23.22,2280768.0
2015-01-27,23.08,23.24,23.03,23.13,896076.0
2015-01-28,23.26,23.29,23.02,23.02,706951.0
2015-01-29,23.19,23.27,22.98,23.25,946117.0
2015-01-30,22.83,22.88,22.48,22.51,2977916.0
2015-02-02,22.78,22.98,22.73,22.96,1703455.0
2015-02-03,22.89,23.09,22.89,23.07,731758.0
2015-02-04,22.88,22.96,22.74,22.75,916280.0
2015-02-05,22.7,22.79,22.67,22.79,404074.0
2015-02-06,22.61,22.64,22.46,22.47,1044261.0
2015-02-09,22.29,22.33,22.2,22.2,1620589.0
2015-02-10,22.22,22.4,22.17,22.39,860080.0
2015-02-11,22.39,22.5,22.29,22.45,708675.0
2015-02-12,22.63,22.87,22.63,22.86,1162932.0
2015-02-13,22.86,23.02,22.85,23.01,547209.0
2015-02-17,22.96,22.99,22.86,22.95,402339.0
2015-02-18,22.96,23.13,22.9,23.11,724204.0
2015-02-19,23.15,23.22,23.12,23.18,336819.0
2015-02-20,22.89,23.09,22.81,23.03,811266.0
2015-02-23,22.67,22.68,22.58,22.6,1206329.0
2015-02-24,22.62,22.8,22.53,22.78,647754.0
2015-02-25,22.75,22.87,22.7,22.87,533604.0
2015-02-26,22.66,22.8,22.66,22.7,500441.0
2015-02-27,23.01,23.23,22.99,23.23,1224934.0
2015-03-02,23.16,23.33,23.14,23.33,439664.0
2015-03-03,23.35,23.42,23.33,23.41,705139.0
2015-03-04,23.17,23.23,23.02,23.16,1230346.0
2015-03-05,23.19,23.26,23.13,23.22,299929.0
2015-03-06,22.99,23.01,22.73,22.75,1726403.0
2015-03-09,22.68,22.71,22.58,22.58,814916.0
2015-03-10,22.48,22.57,22.35,22.35,840647.0
2015-03-11,22.52,22.61,22.46,22.6,928439.0
2015-03-12,22.94,23.11,22.85,23.1,1361082.0
2015-03-13,22.62,22.62,22.36,22.46,1670344.0
2015-03-16,22.56,22.69,22.53,22.69,1105061.0
2015-03-17,22.76,22.93,22.7,22.93,1202294.0
2015-03-18,22.66,23.4,22.66,23.32,2000538.0
2015-03-19,22.75,22.78,22.61,22.62,2235306.0
2015-03-20,22.76,22.78,22.66,22.73,1142630.0
2015-03-23,22.72,22.72,22.56,22.58,767691.0
2015-03-24,22.66,22.68,22.58,22.68,827996.0
2015-03-25,22.61,22.62,22.24,22.24,2155078.0
2015-03-26,22.06,22.09,21.96,22.02,1094877.0
2015-03-27,22.04,22.04,21.92,21.95,582503.0
2015-03-30,22.33,22.55,22.3,22.54,1456397.0
2015-03-31,22.42,22.59,22.41,22.57,440297.0
2015-04-01,22.73,22.93,22.69,22.89,3117646.0
2015-04-02,22.83,23.01,22.83,23.01,684767.0
2015-04-06,23.05,23.19,23.04,23.15,842819.0
2015-04-07,23.16,23.26,23.07,23.07,298758.0
2015-04-08,23.29,23.42,23.22,23.35,1179357.0
2015-04-09,23.38,23.51,23.32,23.48,1754841.0
2015-04-10,23.51,23.62,23.46,23.62,401928.0
2015-04-13,23.69,23.69,23.46,23.46,500266.0
2015-04-14,23.55,23.62,23.48,23.61,809041.0
2015-04-15,23.4,23.48,23.4,23.41,718774.0
2015-04-16,23.26,23.35,23.19,23.23,802524.0
2015-04-17,22.9,22.91,22.78,22.8,1423956.0
2015-04-20,22.31,22.34,22.21,22.23,1895817.0
2015-04-21,22.08,22.15,22.03,22.08,1804391.0
2015-04-22,22.14,22.28,22.07,22.28,929135.0
2015-04-23,21.89,22.04,21.87,21.98,2203424.0
2015-04-24,21.6,21.64,21.43,21.43,3474228.0
2015-04-27,21.33,21.36,21.28,21.3,9112173.0
2015-04-28,21.46,21.58,21.43,21.55,1873143.0
2015-04-29,21.34,21.37,21.2,21.2,1767731.0
2015-04-30,21.15,21.17,21.0,21.01,1464115.0
2015-05-01,21.03,21.3,21.03,21.3,1157652.0
2015-05-04,21.7,21.75,21.64,21.75,1997564.0
2015-05-05,21.82,21.9,21.79,21.83,1712069.0
2015-05-06,21.28,21.3,21.01,21.03,4100179.0
2015-05-07,21.0,21.14,20.97,21.08,1304905.0
2015-05-08,21.37,21.56,21.37,21.52,1250980.0
2015-05-11,21.63,21.64,21.41,21.42,2547375.0
2015-05-12,20.99,21.03,20.87,20.88,3659637.0
2015-05-13,21.16,21.26,21.12,21.13,2637913.0
2015-05-14,21.4,21.51,21.36,21.46,1248358.0
2015-05-15,21.42,21.52,21.38,21.5,791394.0
2015-05-18,21.62,21.66,21.55,21.56,874202.0
2015-05-19,21.63,21.63,21.51,21.56,1721555.0
2015-05-20,21.78,21.89,21.73,21.86,1019104.0
2015-05-21,21.77,21.85,21.74,21.81,726167.0
2015-05-22,21.9,21.95,21.86,21.88,639317.0
2015-05-26,21.59,21.66,21.42,21.45,2405966.0
2015-05-27,21.5,21.62,21.46,21.59,1322924.0
2015-05-28,21.45,21.47,21.33,21.37,1508829.0
2015-05-29,21.8,21.87,21.76,21.77,983820.0
2015-06-01,21.74,21.76,21.59,21.64,1006184.0
2015-06-02,21.24,21.33,21.2,21.28,1900310.0
2015-06-03,21.04,21.11,20.92,20.93,2113475.0
2015-06-04,20.93,21.0,20.85,20.86,714800.0
2015-06-05,20.94,21.0,20.89,20.96,843577.0
2015-06-08,20.77,20.78,20.65,20.65,1974130.0
2015-06-09,20.66,20.69,20.5,20.55,740673.0
2015-06-10,20.93,21.12,20.86,21.11,1533940.0
2015-06-11,20.63,20.63,20.42,20.43,1937676.0
2015-06-12,20.46,20.53,20.43,20.48,445777.0
2015-06-15,20.64,20.68,20.59,20.64,1389749.0
2015-06-16,20.74,20.8,20.7,20.77,749975.0
2015-06-17,20.82,21.19,20.81,21.13,1876057.0
2015-06-18,21.39,21.62,21.39,21.57,1147972.0
2015-06-19,21.55,21.68,21.55,21.58,712521.0
2015-06-22,21.75,21.82,21.72,21.78,1549506.0
2015-06-23,21.77,21.9,21.77,21.9,1051875.0
2015-06-24,21.78,21.8,21.59,21.59,2268258.0
2015-06-25,21.71,21.81,21.64,21.68,740989.0
2015-06-26,21.74,21.83,21.71,21.82,673951.0
2015-06-29,21.4,21.52,21.18,21.19,2742744.0
2015-06-30,21.71,21.71,21.54,21.63,1830905.0
2015-07-01,21.91,21.91,21.77,21.89,1103356.0
2015-07-02,21.98,22.05,21.97,22.0,1579992.0
2015-07-06,22.05,22.18,22.0,22.13,876133.0
2015-07-07,22.01,22.03,21.76,21.95,2651896.0
2015-07-08,21.64,21.69,21.42,21.44,2923981.0
2015-07-09,21.65,21.71,21.5,21.53,745000.0
2015-07-10,21.63,21.76,21.57,21.74,1340069.0
2015-07-13,21.81,21.9,21.8,21.9,808857.0
2015-07-14,21.95,22.06,21.92,22.02,824290.0
2015-07-15,22.06,22.11,21.96,21.97,363261.0
2015-07-16,22.28,22.41,22.27,22.4,1374086.0
2015-07-17,22.35,22.45,22.28,22.31,1015745.0
2015-07-20,22.27,22.28,22.14,22.19,558684.0
2015-07-21,22.1,22.1,21.93,21.95,904076.0
2015-07-22,22.25,22.27,22.19,22.23,1155799.0
2015-07-23,22.14,22.14,21.95,21.97,684091.0
2015-07-24,21.88,21.88,21.71,21.74,642486.0
2015-07-27,21.43,21.44,21.28,21.31,1096432.0
2015-07-28,21.44,21.48,21.31,21.47,832149.0
2015-07-29,21.63,21.7,21.54,21.66,956676.0
2015-07-30,21.64,21.65,21.53,21.58,789346.0
2015-07-31,21.86,21.92,21.8,21.87,1063398.0
2015-08-03,21.86,21.86,21.58,21.61,1970640.0
2015-08-04,21.77,21.87,21.71,21.79,847748.0
2015-08-05,22.15,22.15,21.96,22.02,873553.0
2015-08-06,22.01,22.08,21.82,21.83,964935.0
2015-08-07,21.94,21.94,21.84,21.93,476303.0
2015-08-10,21.75,21.88,21.73,21.85,1878937.0
2015-08-11,21.49,21.49,21.35,21.4,1024263.0
2015-08-12,21.07,21.07,20.84,20.92,1611405.0
2015-08-13,20.82,20.95,20.8,20.9,691284.0
2015-08-14,21.22,21.3,21.19,21.29,1219383.0
2015-08-17,21.0,21.04,20.96,20.98,1827695.0
2015-08-18,20.94,20.94,20.86,20.86,544792.0
2015-08-19,21.03,21.17,20.91,21.04,846832.0
2015-08-20,20.62,20.62,20.4,20.4,1560789.0
2015-08-21,20.21,20.26,19.72,19.72,1802278.0
2015-08-24,18.13,18.78,17.85,18.5,1875976.0
2015-08-25,19.5,19.5,18.84,18.94,2924728.0
2015-08-26,19.23,19.44,19.0,19.42,2763657.0
2015-08-27,19.69,19.92,19.59,19.91,2280183.0
2015-08-28,19.71,19.82,19.64,19.73,722767.0
2015-08-31,19.56,19.65,19.47,19.56,985779.0
2015-09-01,19.21,19.25,18.9,18.96,2449745.0
2015-09-02,19.24,19.29,19.1,19.29,1376882.0
2015-09-03,19.41,19.54,19.34,19.44,1078617.0
2015-09-04,18.78,18.87,18.64,18.67,1813297.0
2015-09-08,18.91,19.02,18.81,19.01,1430035.0
2015-09-09,19.24,19.26,18.83,18.86,678981.0
2015-09-10,18.95,19.12,18.94,19.06,3517727.0
2015-09-11,19.03,19.24,19.02,19.22,570001.0
2015-09-14,19.25,19.28,19.16,19.26,247850.0
2015-09-15,19.27,19.41,19.2,19.4,807653.0
2015-09-16,19.44,19.73,19.42,19.71,2089445.0
2015-09-17,19.53,20.11,19.51,19.81,1116530.0
2015-09-18,19.5,19.71,19.39,19.4,2254928.0
2015-09-21,19.68,19.68,19.55,19.65,1194131.0
2015-09-22,19.2,19.21,19.08,19.15,1813845.0
2015-09-23,19.23,19.26,19.08,19.09,770409.0
2015-09-24,19.0,19.24,18.9,19.22,1048511.0
2015-09-25,19.34,19.34,19.1,19.16,599615.0
2015-09-28,18.95,18.99,18.73,18.75,1305446.0
2015-09-29,18.94,19.09,18.9,19.05,1595519.0
2015-09-30,19.56,19.83,19.52,19.83,2603984.0
2015-10-01,19.61,19.67,19.48,19.61,1565554.0
2015-10-02,19.48,19.98,19.45,19.98,1804667.0
2015-10-05,20.23,20.48,20.23,20.46,718596.0
2015-10-06,20.31,20.34,20.19,20.21,1781092.0
2015-10-07,20.42,20.57,20.41,20.55,1496532.0
2015-10-08,20.33,20.57,20.27,20.53,394463.0
2015-10-09,20.56,20.61,20.49,20.58,214094.0
2015-10-12,20.43,20.43,20.25,20.27,1442935.0
2015-10-13,20.08,20.16,19.98,19.99,1134356.0
2015-10-14,20.11,20.18,20.01,20.07,668113.0
2015-10-15,20.22,20.36,20.14,20.33,1210250.0
2015-10-16,20.47,20.62,20.4,20.6,1236092.0
2015-10-19,20.58,20.58,20.48,20.5,659698.0
2015-10-20,20.45,20.54,20.45,20.52,280778.0
2015-10-21,20.46,20.49,20.33,20.35,720097.0
2015-10-22,20.53,20.81,20.51,20.77,1270663.0
2015-10-23,20.76,20.83,20.69,20.77,380692.0
2015-10-26,20.54,20.59,20.45,20.47,1015698.0
2015-10-27,20.36,20.41,20.27,20.36,685930.0
2015-10-28,20.39,20.49,20.07,20.24,1016429.0
2015-10-29,20.02,20.14,19.98,19.99,777843.0
2015-10-30,20.03,20.03,19.9,19.9,443462.0
2015-11-02,19.95,20.11,19.91,20.1,779416.0
2015-11-03,20.0,20.25,19.98,20.2,325458.0
2015-11-04,20.15,20.15,19.88,19.89,997437.0
2015-11-05,19.79,19.8,19.67,19.69,863155.0
2015-11-06,19.57,19.72,19.43,19.72,491208.0
2015-11-09,19.4,19.44,19.21,19.23,2088449.0
2015-11-10,19.08,19.12,19.03,19.06,993801.0
2015-11-11,19.27,19.27,19.08,19.08,248758.0
2015-11-12,19.12,19.15,18.97,18.98,386479.0
2015-11-13,19.0,19.04,18.9,18.93,381468.0
2015-11-16,19.0,19.36,19.0,19.36,1096495.0
2015-11-17,19.23,19.23,19.05,19.11,981824.0
2015-11-18,18.89,19.12,18.89,19.1,564558.0
2015-11-19,19.12,19.16,19.1,19.11,1107829.0
2015-11-20,19.22,19.36,19.2,19.33,2628487.0
2015-11-23,19.23,19.23,19.04,19.05,1084279.0
2015-11-24,19.05,19.25,19.05,19.24,761905.0
2015-11-25,19.15,19.2,19.07,19.15,334085.0
2015-11-27,19.18,19.18,19.1,19.11,206801.0
2015-11-30,19.2,19.31,19.18,19.27,496316.0
2015-12-01,19.32,19.41,19.3,19.41,546698.0
2015-12-02,19.26,19.26,19.06,19.08,1019994.0
2015-12-03,19.05,19.05,18.8,18.83,1171235.0
2015-12-04,18.91,19.15,18.88,19.15,1030550.0
2015-12-07,18.96,18.96,18.8,18.83,1463689.0
2015-12-08,18.59,18.65,18.54,18.58,943634.0
2015-12-09,18.43,18.52,18.33,18.36,1000850.0
2015-12-10,18.57,18.69,18.56,18.61,1264476.0
2015-12-11,18.35,18.35,18.17,18.18,1806717.0
2015-12-14,18.4,18.6,18.39,18.59,1319487.0
2015-12-15,18.82,18.91,18.8,18.84,1340753.0
2015-12-16,19.02,19.27,18.93,19.23,898840.0
2015-12-17,19.36,19.42,19.21,19.22,766753.0
2015-12-18,19.16,19.22,19.1,19.11,853854.0
2015-12-21,19.38,19.38,19.24,19.37,1021474.0
2015-12-22,19.27,19.33,19.22,19.28,395699.0
2015-12-23,19.55,19.66,19.51,19.64,1447803.0
2015-12-24,19.57,19.62,19.56,19.59,496094.0
2015-12-28,19.61,19.63,19.56,19.61,190461.0
2015-12-29,19.64,19.66,19.57,19.57,268551.0
2015-12-30,19.41,19.51,19.35,19.35,902766.0
2015-12-31,19.57,19.63,19.5,19.52,641746.0
2016-01-04,19.17,19.21,19.08,19.14,1772911.0
2016-01-05,19.31,19.41,19.28,19.37,860563.0
2016-01-06,19.12,19.17,19.03,19.08,1560281.0
2016-01-07,18.67,18.81,18.49,18.5,3449014.0
2016-01-08,18.73,18.73,18.47,18.47,653739.0
2016-01-11,18.74,18.78,18.57,18.73,1679094.0
2016-01-12,18.71,18.78,18.57,18.71,811187.0
2016-01-13,18.81,18.84,18.47,18.49,1837846.0
2016-01-14,18.52,18.75,18.44,18.69,1148159.0
2016-01-15,18.2,18.22,18.02,18.1,2028154.0
2016-01-19,18.17,18.19,17.93,18.05,793807.0
2016-01-20,17.82,17.93,17.55,17.77,1128039.0
2016-01-21,17.71,17.81,17.56,17.67,999322.0
2016-01-22,18.05,18.14,18.0,18.13,1757417.0
2016-01-25,18.06,18.1,17.85,17.86,1843306.0
2016-01-26,18.04,18.14,17.98,18.12,894168.0
2016-01-27,18.11,18.17,17.82,17.93,1401684.0
2016-01-28,18.14,18.14,17.92,18.06,1242155.0
2016-01-29,18.4,18.62,18.35,18.61,2161682.0
2016-02-01,18.36,18.48,18.32,18.4,727685.0
2016-02-02,18.1,18.1,17.83,17.87,1881706.0
2016-02-03,17.9,18.15,17.68,18.14,1423075.0
2016-02-04,18.15,18.25,18.03,18.13,2435586.0
2016-02-05,18.23,18.23,18.02,18.07,1543141.0
2016-02-08,17.98,17.98,17.75,17.91,1093718.0
2016-02-09,17.54,17.75,17.5,17.62,735173.0
2016-02-10,17.61,17.7,17.42,17.42,778672.0
2016-02-11,16.95,17.01,16.79,16.89,1249932.0
2016-02-12,17.03,17.13,16.92,17.13,901596.0
2016-02-16,17.15,17.19,17.08,17.16,158534.0
2016-02-17,17.38,17.51,17.38,17.49,912996.0
2016-02-18,17.48,17.48,17.32,17.35,358531.0
2016-02-19,17.32,17.41,17.28,17.34,278318.0
2016-02-22,17.59,17.75,17.57,17.73,1038912.0
2016-02-23,17.44,17.44,17.26,17.27,737189.0
2016-02-24,17.15,17.32,17.03,17.3,554650.0
2016-02-25,17.17,17.24,17.08,17.21,720412.0
2016-02-26,17.23,17.24,17.04,17.04,467301.0
2016-02-29,17.15,17.28,17.15,17.18,852765.0
2016-03-01,17.69,17.94,17.67,17.94,1417997.0
2016-03-02,18.02,18.29,18.0,18.26,1263833.0
2016-03-03,18.31,18.45,18.3,18.45,651776.0
2016-03-04,18.54,18.79,18.49,18.76,1148892.0
2016-03-07,18.53,18.77,18.53,18.64,604950.0
2016-03-08,18.41,18.43,18.27,18.28,1757288.0
2016-03-09,18.52,18.62,18.52,18.57,2080127.0
2016-03-10,18.52,18.56,18.26,18.38,1292240.0
2016-03-11,18.48,18.68,18.48,18.67,1093831.0
2016-03-14,18.52,18.58,18.48,18.52,824574.0
2016-03-15,18.25,18.29,18.2,18.27,1572886.0
2016-03-16,18.28,18.73,18.26,18.71,2203634.0
2016-03-17,18.53,18.75,18.53,18.73,825493.0
2016-03-18,18.75,18.83,18.71,18.8,1116609.0
2016-03-21,18.94,19.05,18.92,19.03,916821.0
2016-03-22,18.87,19.01,18.87,18.89,830097.0
2016-03-23,18.95,18.98,18.82,18.87,782634.0
2016-03-24,18.73,18.84,18.71,18.84,592252.0
2016-03-28,18.8,18.82,18.71,18.73,656382.0
2016-03-29,18.72,19.0,18.68,18.99,1129160.0
2016-03-30,19.11,19.24,19.11,19.19,926927.0
2016-03-31,19.19,19.26,19.15,19.21,662324.0
2016-04-01,18.81,19.13,18.76,19.08,564641.0
2016-04-04,19.15,19.18,19.01,19.01,311018.0
2016-04-05,18.74,18.77,18.62,18.62,1232245.0
2016-04-06,18.67,18.89,18.61,18.88,970574.0
2016-04-07,18.64,18.64,18.38,18.39,1703645.0
2016-04-08,18.66,18.66,18.51,18.55,356865.0
2016-04-11,18.86,18.95,18.86,18.91,1184419.0
2016-04-12,18.99,19.2,18.96,19.13,489071.0
2016-04-13,19.29,19.4,19.26,19.39,1082207.0
2016-04-14,19.4,19.42,19.33,19.41,353887.0
2016-04-15,19.41,19.46,19.36,19.42,457602.0
2016-04-18,19.43,19.54,19.38,19.54,481035.0
2016-04-19,19.73,19.83,19.68,19.8,737734.0
2016-04-20,19.52,19.66,19.51,19.51,1144881.0
2016-04-21,19.47,19.47,19.33,19.33,619961.0
2016-04-22,19.35,19.44,19.32,19.33,474089.0
2016-04-25,19.23,19.24,19.13,19.13,551695.0
2016-04-26,19.47,19.56,19.43,19.56,1095353.0
2016-04-27,19.56,19.74,19.48,19.71,671103.0
2016-04-28,19.28,19.37,19.17,19.17,1735839.0
2016-04-29,19.1,19.23,19.06,19.18,388359.0
2016-05-02,19.2,19.2,19.1,19.18,295682.0
2016-05-03,18.96,18.99,18.77,18.77,1912939.0
2016-05-04,18.89,18.89,18.66,18.67,682439.0
2016-05-05,18.79,18.86,18.76,18.82,552971.0
2016-05-06,18.88,18.92,18.81,18.9,385620.0
2016-05-09,19.01,19.04,18.92,18.94,469158.0
2016-05-10,19.09,19.11,19.02,19.11,573314.0
2016-05-11,19.03,19.05,18.91,18.92,753025.0
2016-05-12,19.08,19.08,18.91,18.97,460136.0
2016-05-13,18.92,18.92,18.61,18.61,1180463.0
2016-05-16,18.89,18.95,18.88,18.92,817812.0
2016-05-17,18.92,18.94,18.76,18.79,588482.0
2016-05-18,18.81,18.93,18.64,18.68,726125.0
2016-05-19,18.42,18.43,18.32,18.4,1463966.0
2016-05-20,18.44,18.5,18.4,18.46,398501.0
2016-05-23,18.27,18.35,18.26,18.27,675853.0
2016-05-24,18.36,18.43,18.3,18.42,540169.0
2016-05-25,18.69,18.84,18.69,18.82,2045790.0
2016-05-26,19.0,19.09,19.0,19.08,1027946.0
2016-05-27,19.3,19.36,19.28,19.33,812120.0
2016-05-31,19.32,19.32,19.15,19.17,871949.0
2016-06-01,19.24,19.24,19.1,19.19,519124.0
2016-06-02,19.23,19.42,19.2,19.4,890597.0
2016-06-03,19.41,19.54,19.38,19.53,626645.0
2016-06-06,19.43,19.52,19.37,19.46,847014.0
2016-06-07,19.44,19.63,19.44,19.61,974159.0
2016-06-08,19.65,19.74,19.61,19.72,1055342.0
2016-06-09,19.37,19.52,19.37,19.48,2427676.0
2016-06-10,19.39,19.39,19.18,19.2,1570825.0
2016-06-13,19.08,19.18,19.01,19.01,851725.0
2016-06-14,19.13,19.13,18.96,19.04,604655.0
2016-06-15,19.39,19.49,19.29,19.39,1143739.0
2016-06-16,19.17,19.27,19.02,19.24,809022.0
2016-06-17,19.24,19.25,19.12,19.25,609705.0
2016-06-20,19.34,19.38,19.27,19.29,576721.0
2016-06-21,19.3,19.32,19.15,19.24,465720.0
2016-06-22,19.37,19.37,19.19,19.2,692699.0
2016-06-23,19.5,19.64,19.36,19.64,2404566.0
2016-06-24,18.81,19.06,18.62,18.64,3195942.0
2016-06-27,18.71,18.75,18.53,18.67,1545441.0
2016-06-28,18.99,19.12,18.92,19.12,1525499.0
2016-06-29,19.37,19.5,19.3,19.5,950055.0
2016-06-30,19.44,19.55,19.36,19.55,675214.0
2016-07-01,19.73,19.82,19.66,19.8,1420439.0
2016-07-05,19.8,19.8,19.58,19.59,1273324.0
2016-07-06,19.56,19.69,19.48,19.69,537668.0
2016-07-07,19.77,19.77,19.59,19.62,926910.0
2016-07-08,19.82,19.98,19.76,19.98,634704.0
2016-07-11,20.2,20.21,20.12,20.16,1208664.0
2016-07-12,20.31,20.38,20.24,20.36,1094038.0
2016-07-13,20.37,20.37,20.22,20.29,554995.0
2016-07-14,20.42,20.51,20.34,20.46,421313.0
2016-07-15,20.37,20.37,20.22,20.25,1174680.0
2016-07-18,20.04,20.11,19.97,20.1,742347.0
2016-07-19,20.07,20.13,20.07,20.09,235567.0
2016-07-20,20.2,20.24,20.13,20.24,490562.0
2016-07-21,20.21,20.21,20.06,20.08,657858.0
2016-07-22,20.28,20.32,20.18,20.31,934621.0
2016-07-25,20.46,20.46,20.29,20.36,251836.0
2016-07-26,20.34,20.38,20.25,20.31,398415.0
2016-07-27,20.43,20.58,20.37,20.52,1813630.0
2016-07-28,20.52,20.65,20.52,20.64,578301.0
2016-07-29,20.65,20.72,20.55,20.72,332029.0
2016-08-01,20.67,20.72,20.56,20.56,643418.0
2016-08-02,20.69,20.69,20.46,20.55,318783.0
2016-08-03,20.37,20.57,20.33,20.54,300362.0
2016-08-04,20.47,20.59,20.47,20.48,220827.0
2016-08-05,20.71,20.87,20.71,20.86,851039.0
2016-08-08,20.85,20.87,20.81,20.81,716659.0
2016-08-09,20.83,20.84,20.77,20.79,245806.0
2016-08-10,20.62,20.62,20.42,20.45,1264392.0
2016-08-11,20.61,20.76,20.57,20.74,471518.0
2016-08-12,20.78,20.78,20.69,20.74,347035.0
2016-08-15,20.77,20.84,20.77,20.82,320261.0
2016-08-16,20.66,20.66,20.56,20.56,924174.0
2016-08-17,20.58,20.62,20.42,20.56,427981.0
2016-08-18,20.71,20.74,20.61,20.74,620331.0
2016-08-19,20.61,20.68,20.54,20.65,324443.0
2016-08-22,20.46,20.46,20.35,20.37,940940.0
2016-08-23,20.53,20.54,20.41,20.42,366529.0
2016-08-24,20.54,20.67,20.53,20.65,592763.0
2016-08-25,20.46,20.51,20.44,20.47,785895.0
2016-08-26,20.5,20.6,20.21,20.31,1037581.0
2016-08-29,20.45,20.6,20.45,20.6,735177.0
2016-08-30,20.83,20.84,20.68,20.7,533335.0
2016-08-31,20.7,20.77,20.64,20.67,464965.0
2016-09-01,20.62,20.73,20.56,20.73,418889.0
2016-09-02,20.86,20.98,20.86,20.98,1165030.0
2016-09-06,21.06,21.25,21.06,21.24,1360864.0
2016-09-07,21.13,21.18,21.09,21.11,507207.0
2016-09-08,21.09,21.14,21.01,21.05,469460.0
2016-09-09,20.87,20.9,20.52,20.54,2925889.0
2016-09-12,20.61,20.86,20.53,20.86,1243048.0
2016-09-13,20.59,20.66,20.35,20.4,1113878.0
2016-09-14,20.53,20.68,20.53,20.56,876864.0
2016-09-15,20.66,20.82,20.57,20.75,1195819.0
2016-09-16,20.57,20.62,20.48,20.57,418789.0
2016-09-19,20.74,20.77,20.62,20.68,487088.0
2016-09-20,20.65,20.75,20.64,20.64,384368.0
2016-09-21,20.77,21.07,20.64,21.07,1566737.0
2016-09-22,21.07,21.19,21.07,21.17,782750.0
2016-09-23,20.97,21.04,20.91,20.91,473521.0
2016-09-26,20.8,20.84,20.72,20.72,503484.0
2016-09-27,20.83,20.95,20.78,20.95,938369.0
2016-09-28,21.01,21.18,20.9,21.17,1071151.0
2016-09-29,20.52,20.54,20.27,20.27,3135990.0
2016-09-30,20.64,20.76,20.62,20.73,2795270.0
2016-10-03,21.0,21.16,20.92,21.14,1495392.0
2016-10-04,21.24,21.25,21.02,21.05,622407.0
2016-10-05,21.11,21.19,21.09,21.18,561364.0
2016-10-06,21.04,21.18,21.02,21.11,432559.0
2016-10-07,21.12,21.14,20.96,21.09,519771.0
2016-10-10,21.14,21.2,21.12,21.18,346107.0
2016-10-11,20.97,20.97,20.84,20.95,770277.0
2016-10-12,20.84,20.95,20.84,20.9,483817.0
2016-10-13,20.62,20.77,20.52,20.71,636743.0
2016-10-14,20.83,20.88,20.73,20.77,346318.0
2016-10-17,20.65,20.66,20.58,20.63,465371.0
2016-10-18,20.95,21.0,20.87,20.99,674871.0
2016-10-19,21.04,21.1,20.98,21.07,254766.0
2016-10-20,20.99,21.09,20.97,20.99,369384.0
2016-10-21,20.86,20.95,20.86,20.9,246424.0
2016-10-24,21.0,21.04,20.94,21.03,526857.0
2016-10-25,20.92,21.01,20.88,20.88,649144.0
2016-10-26,20.74,20.82,20.7,20.73,729123.0
2016-10-27,20.82,20.82,20.54,20.54,819585.0
2016-10-28,20.73,20.79,20.6,20.69,709277.0
2016-10-31,20.73,20.77,20.66,20.77,205182.0
2016-11-01,20.86,20.86,20.64,20.76,396555.0
2016-11-02,20.56,20.59,20.36,20.39,1488781.0
2016-11-03,20.33,20.38,20.21,20.28,791046.0
2016-11-04,20.09,20.09,19.88,19.9,1965425.0
2016-11-07,20.27,20.46,20.18,20.45,2300534.0
2016-11-08,20.28,20.36,19.95,19.95,1988815.0
2016-11-09,20.04,20.1,19.8,20.09,1018770.0
2016-11-10,19.98,20.01,19.59,19.79,1430372.0
2016-11-11,19.39,19.39,18.98,19.03,2235444.0
2016-11-14,19.13,19.13,18.93,19.06,417872.0
2016-11-15,18.97,19.18,18.96,19.17,1266223.0
2016-11-16,18.92,18.93,18.78,18.83,625845.0
2016-11-17,18.87,18.97,18.85,18.85,216652.0
2016-11-18,18.91,18.97,18.81,18.83,719792.0
2016-11-21,18.68,18.7,18.64,18.64,711065.0
2016-11-22,18.74,18.84,18.7,18.8,1159840.0
2016-11-23,18.68,18.72,18.61,18.66,734698.0
2016-11-25,19.16,19.16,19.04,19.13,1432628.0
2016-11-28,19.19,19.25,19.18,19.24,533411.0
2016-11-29,19.2,19.33,19.2,19.31,377431.0
2016-11-30,19.51,19.51,19.42,19.47,771406.0
2016-12-01,19.41,19.41,19.28,19.3,895210.0
2016-12-02,19.25,19.35,19.2,19.2,808905.0
2016-12-05,19.34,19.44,19.33,19.42,1546283.0
2016-12-06,19.61,19.64,19.54,19.63,889748.0
2016-12-07,19.59,19.78,19.59,19.75,328555.0
2016-12-08,19.99,20.01,19.93,19.96,323696.0
2016-12-09,19.9,19.95,19.88,19.88,374370.0
2016-12-12,19.76,19.83,19.72,19.72,819565.0
2016-12-13,19.82,19.89,19.76,19.88,248713.0
2016-12-14,19.68,19.83,19.35,19.38,2270800.0
2016-12-15,19.6,19.62,19.52,19.59,681562.0
2016-12-16,19.56,19.57,19.45,19.47,450054.0
2016-12-19,19.46,19.48,19.35,19.35,471964.0
2016-12-20,19.25,19.31,19.24,19.29,1086137.0
2016-12-21,19.25,19.3,19.21,19.21,324408.0
2016-12-22,18.9,19.0,18.87,18.94,1095742.0
2016-12-23,18.97,19.03,18.97,19.01,155326.0
2016-12-27,19.08,19.08,19.03,19.05,697609.0
2016-12-28,18.99,19.03,18.91,18.91,2121954.0
2016-12-29,19.14,19.3,19.14,19.26,570866.0
2016-12-30,19.46,19.46,19.28,19.28,9166574.0
2017-01-03,19.44,19.52,19.38,19.46,4658984.0
