Date,Open,High,Low,Close,Volume
2009-01-30,400.44,420.16,399.0,418.32,53925.0
2009-02-02,432.4,432.4,415.76,417.0,77143.0
2009-02-03,416.56,416.56,397.24,397.48,44427.0
2009-02-04,393.0,401.56,388.0,398.96,39214.0
2009-02-05,406.4,415.16,392.6,396.52,60955.0
2009-02-06,396.0,396.08,380.24,390.8,38310.0
2009-02-09,393.32,401.28,391.48,397.32,31375.0
2009-02-10,404.0,422.64,395.12,418.4,64153.0
2009-02-11,416.2,419.32,408.4,412.28,21476.0
2009-02-12,421.0,432.0,411.04,411.04,25521.0
2009-02-13,412.96,412.96,404.0,407.96,27305.0
2009-02-17,428.0,443.12,424.0,428.36,22145.0
2009-02-18,420.0,438.72,420.0,432.88,19841.0
2009-02-19,432.12,436.2,421.96,433.12,12468.0
2009-02-20,447.56,465.6,445.76,453.28,38554.0
2009-02-23,444.0,478.08,444.0,477.52,23808.0
2009-02-24,480.0,480.0,430.8,432.32,34661.0
2009-02-25,437.08,452.16,420.56,429.8,41559.0
2009-02-26,423.92,437.64,411.84,434.08,19243.0
2009-02-27,454.84,454.84,423.84,434.68,27470.0
2009-03-02,444.08,472.08,444.08,465.56,41470.0
2009-03-03,452.2,474.2,452.2,463.6,37986.0
2009-03-04,459.96,459.96,419.16,431.24,38533.0
2009-03-05,442.4,459.96,434.04,457.2,46502.0
2009-03-06,459.92,462.44,442.8,453.52,57066.0
2009-03-09,454.2,458.0,441.04,455.28,33035.0
2009-03-10,452.0,452.0,418.64,421.36,44396.0
2009-03-11,416.0,424.8,408.64,418.24,84096.0
2009-03-12,417.4,422.8,407.72,410.96,121219.0
2009-03-13,408.8,421.96,407.88,417.0,127958.0
2009-03-16,416.0,432.08,414.44,431.68,132808.0
2009-03-17,435.92,437.2,415.88,416.72,135447.0
2009-03-18,420.4,424.44,408.4,417.76,176180.0
2009-03-19,419.6,437.36,408.0,437.36,144236.0
2009-03-20,434.08,467.44,434.0,463.84,181810.0
2009-03-23,452.0,459.0,433.24,434.48,168536.0
2009-03-24,438.04,443.74,426.12,441.6,131851.0
2009-03-25,432.2,446.56,420.6,434.56,166064.0
2009-03-26,426.76,426.8,412.72,417.44,149558.0
2009-03-27,417.88,429.64,417.88,429.24,118700.0
2009-03-30,448.0,465.8,444.64,461.16,192827.0
2009-03-31,457.6,459.92,445.2,452.84,150328.0
2009-04-01,468.12,475.96,442.4,444.68,157355.0
2009-04-02,432.0,443.84,425.96,437.4,197859.0
2009-04-03,456.2,456.2,427.36,429.68,105654.0
2009-04-06,433.56,439.36,431.4,432.08,137789.0
2009-04-07,435.56,440.0,428.12,432.04,141790.0
2009-04-08,423.04,433.16,422.4,423.12,114748.0
2009-04-09,412.0,413.0,402.96,407.44,114504.0
2009-04-10,,,,407.44,0.0
2009-04-13,410.08,414.06,399.84,401.48,75546.0
2009-04-14,407.12,408.52,399.76,401.76,134371.0
2009-04-15,404.08,404.08,391.44,392.0,84709.0
2009-04-16,388.0,390.12,374.92,379.64,98004.0
2009-04-17,379.96,386.4,370.24,370.92,125851.0
2009-04-20,378.36,400.48,375.36,398.36,162058.0
2009-04-21,401.64,404.28,382.44,384.28,74991.0
2009-04-22,388.8,388.8,369.24,385.08,77985.0
2009-04-23,383.64,390.4,379.44,383.32,83381.0
2009-04-24,381.64,386.28,377.16,382.44,67046.0
2009-04-27,383.96,395.08,383.16,393.28,99092.0
2009-04-28,397.28,399.36,383.84,388.44,83491.0
2009-04-29,387.24,387.24,365.2,372.08,72508.0
2009-04-30,371.32,377.04,360.84,375.04,82549.0
2009-05-01,374.24,379.72,367.2,370.24,35089.0
2009-05-04,363.8,367.84,349.44,350.52,115353.0
2009-05-05,351.44,358.36,351.44,353.52,82398.0
2009-05-06,350.92,350.92,339.84,341.36,48903.0
2009-05-07,338.0,350.24,333.88,346.28,66427.0
2009-05-08,345.12,345.12,325.96,330.6,74752.0
2009-05-11,334.6,342.76,330.16,333.56,70044.0
2009-05-12,331.12,340.8,329.4,331.84,81612.0
2009-05-13,344.16,344.92,335.12,342.12,83342.0
2009-05-14,349.2,349.2,326.04,327.68,96162.0
2009-05-15,326.0,337.56,321.04,333.72,52281.0
2009-05-18,333.96,333.96,309.96,311.52,95573.0
2009-05-19,307.68,314.04,300.88,305.48,61214.0
2009-05-20,303.2,310.08,287.84,309.52,207610.0
2009-05-21,313.96,333.84,310.64,326.8,273535.0
2009-05-22,325.8,335.24,320.08,335.24,107544.0
2009-05-25,,,,335.24,0.0
2009-05-26,335.24,335.24,306.08,314.44,141126.0
2009-05-27,313.0,324.76,304.6,323.36,117984.0
2009-05-28,321.4,327.56,312.68,318.72,106398.0
2009-05-29,311.32,320.04,310.92,311.72,55671.0
2009-06-01,307.52,307.72,292.92,297.6,103902.0
2009-06-02,299.84,304.76,290.88,301.64,75451.0
2009-06-03,304.72,321.16,303.4,316.2,88859.0
2009-06-04,314.88,316.76,307.16,310.12,66456.0
2009-06-05,310.28,316.4,302.88,309.4,83600.0
2009-06-08,312.16,320.04,306.04,310.96,59112.0
2009-06-09,309.6,309.6,295.56,297.04,88630.0
2009-06-10,292.88,310.04,292.08,300.0,108052.0
2009-06-11,298.48,298.48,285.92,293.24,107412.0
2009-06-12,295.64,296.36,287.08,287.6,71862.0
2009-06-15,291.6,301.0,290.74,300.36,95782.0
2009-06-16,302.08,314.88,296.68,311.2,147543.0
2009-06-17,312.16,321.08,310.32,315.8,124583.0
2009-06-18,315.16,318.76,307.76,312.76,104031.0
2009-06-19,313.08,313.08,302.0,304.08,69048.0
2009-06-22,311.88,319.76,306.92,316.24,95549.0
2009-06-23,315.48,319.56,308.68,308.8,125493.0
2009-06-24,308.76,308.76,295.13,297.68,116149.0
2009-06-25,301.52,301.52,281.96,283.64,173676.0
2009-06-26,286.6,287.68,277.08,279.2,100959.0
2009-06-29,279.76,281.16,267.12,267.84,160975.0
2009-06-30,267.96,276.12,263.48,272.44,231521.0
2009-07-01,269.4,271.68,264.32,271.36,147682.0
2009-07-02,275.48,286.72,275.16,286.32,258546.0
2009-07-03,,,,286.32,0.0
2009-07-06,289.88,292.32,282.32,282.68,101720.0
2009-07-07,286.44,293.8,283.24,291.36,80806.0
2009-07-08,293.96,309.2,289.92,297.6,180764.0
2009-07-09,294.0,296.72,287.6,292.72,127871.0
2009-07-10,294.36,298.92,291.44,292.6,97778.0
2009-07-13,293.92,294.88,279.6,282.8,207250.0
2009-07-14,280.96,283.16,274.72,276.56,156948.0
2009-07-15,270.96,272.92,263.96,269.72,384461.0
2009-07-16,271.48,271.56,263.68,265.24,281344.0
2009-07-17,266.0,266.76,263.0,265.32,157617.0
2009-07-20,263.96,266.32,259.12,260.16,218968.0
2009-07-21,257.96,261.48,255.56,256.4,240560.0
2009-07-22,259.16,260.12,243.16,245.52,448710.0
2009-07-23,246.56,246.96,237.32,238.48,385110.0
2009-07-24,240.08,241.56,237.32,237.48,153338.0
2009-07-27,240.92,242.72,237.44,240.0,184831.0
2009-07-28,243.96,251.88,240.08,250.2,329164.0
2009-07-29,251.28,255.72,248.2,252.88,147914.0
2009-07-30,248.76,249.4,243.12,246.4,137462.0
2009-07-31,247.52,248.4,243.04,247.88,122806.0
2009-08-03,245.36,247.12,241.88,243.48,161153.0
2009-08-04,245.32,246.36,240.08,240.8,153100.0
2009-08-05,242.08,244.52,239.24,239.8,182753.0
2009-08-06,239.96,244.76,236.32,242.96,197146.0
2009-08-07,240.16,243.0,230.04,233.08,177562.0
2009-08-10,235.2,238.6,233.08,233.4,123709.0
2009-08-12,240.56,241.28,232.2,234.44,162004.0
2009-08-13,234.56,237.92,228.56,229.04,221909.0
2009-08-14,229.92,238.16,229.92,235.48,147444.0
2009-08-17,241.84,249.32,241.52,248.28,265464.0
2009-08-18,247.52,248.56,241.76,243.4,176618.0
2009-08-19,246.76,247.92,233.28,235.56,271861.0
2009-08-20,234.76,235.52,229.88,231.16,134039.0
2009-08-21,229.0,229.32,225.8,226.96,295647.0
2009-08-24,226.24,228.96,224.28,227.84,176515.0
2009-08-25,227.4,234.48,225.4,233.04,236472.0
2009-08-26,232.0,236.28,230.86,235.8,287768.0
2009-08-27,235.84,239.0,229.6,230.04,225466.0
2009-08-28,227.0,234.16,226.65,234.04,184782.0
2009-08-31,236.36,239.88,236.0,236.68,146925.0
2009-09-01,239.08,249.88,233.73,249.44,359232.0
2009-09-02,250.16,250.96,247.0,250.76,195579.0
2009-09-03,250.08,250.44,238.16,238.84,228000.0
2009-09-04,240.16,240.4,232.0,232.04,243689.0
2009-09-08,230.04,230.16,224.0,224.28,325938.0
2009-09-09,223.96,224.8,216.8,217.04,324912.0
2009-09-10,216.68,218.08,208.04,208.44,437487.0
2009-09-11,207.68,212.32,204.64,211.16,429008.0
2009-09-14,212.0,214.48,204.76,205.16,259043.0
2009-09-15,205.4,207.8,203.12,204.0,289090.0
2009-09-16,204.0,204.72,196.44,198.08,448263.0
2009-09-17,197.52,201.04,195.6,199.04,466375.0
2009-09-18,198.8,203.88,197.08,202.8,261091.0
2009-09-21,205.68,207.0,202.12,202.84,399882.0
2009-09-22,200.36,201.4,196.0,198.2,208044.0
2009-09-23,198.04,201.0,190.4,200.96,502905.0
2009-09-24,199.96,207.88,198.48,203.44,397244.0
2009-09-25,205.2,207.64,201.68,203.76,271634.0
2009-09-28,203.8,203.8,196.6,196.96,193034.0
2009-09-29,197.36,198.48,194.52,195.8,213310.0
2009-09-30,196.0,202.2,194.8,199.96,282837.0
2009-10-01,201.44,209.44,200.8,209.4,310730.0
2009-10-02,212.72,214.12,205.2,208.92,330421.0
2009-10-05,209.16,209.48,199.72,201.4,201106.0
2009-10-06,199.44,200.0,191.64,194.32,378833.0
2009-10-07,196.04,196.2,192.96,193.36,120927.0
2009-10-08,191.68,193.4,190.4,192.32,351183.0
2009-10-09,193.24,193.36,188.84,189.28,231369.0
2009-10-12,187.96,188.36,181.8,182.81,314049.0
2009-10-13,183.88,189.16,182.08,182.88,207628.0
2009-10-14,179.92,180.8,176.6,178.04,369361.0
2009-10-15,180.4,180.8,174.72,174.8,188934.0
2009-10-16,176.8,180.56,175.8,178.44,196206.0
2009-10-19,177.72,177.96,172.48,173.64,238265.0
2009-10-20,173.44,175.72,171.32,172.8,290424.0
2009-10-21,174.36,176.32,168.0,176.04,752742.0
2009-10-22,175.36,177.8,167.92,168.32,435252.0
2009-10-23,166.6,170.96,164.64,169.28,414206.0
2009-10-26,167.88,176.2,164.8,174.8,353560.0
2009-10-27,174.6,176.52,171.44,172.72,403628.0
2009-10-28,173.92,184.8,173.4,184.68,446364.0
2009-10-29,180.08,181.48,174.76,175.28,325900.0
2009-10-30,177.56,196.0,175.32,192.88,768667.0
2009-11-02,190.2,199.64,185.16,194.84,601227.0
2009-11-03,197.92,199.12,192.0,195.04,566884.0
2009-11-04,190.2,194.96,187.0,193.44,381605.0
2009-11-05,189.64,191.6,183.04,183.56,353368.0
2009-11-06,187.48,187.64,178.2,178.52,353353.0
2009-11-09,175.16,175.16,167.4,167.84,454166.0
2009-11-10,169.04,170.04,165.0,169.88,378015.0
2009-11-11,167.0,171.88,164.48,169.76,305452.0
2009-11-12,171.48,177.12,169.16,174.96,368134.0
2009-11-13,176.0,179.6,172.32,174.0,310659.0
2009-11-16,171.88,172.72,168.72,171.22,350320.0
2009-11-17,173.6,174.0,167.29,168.8,335876.0
2009-11-18,169.52,170.36,165.0,165.32,329874.0
2009-11-19,167.68,173.0,166.8,169.44,489118.0
2009-11-20,171.4,171.84,163.39,164.96,493083.0
2009-11-23,160.9,161.76,154.6,155.2,696243.0
2009-11-24,155.36,158.88,153.48,153.64,380962.0
2009-11-25,152.36,154.6,150.08,150.96,532162.0
2009-11-26,,,,150.96,0.0
2009-11-27,168.24,168.6,156.0,160.48,596390.0
2009-11-30,159.48,163.48,158.64,161.12,445068.0
2009-12-01,158.4,158.88,154.0,155.16,274712.0
2009-12-02,154.96,156.36,152.04,154.36,410904.0
2009-12-03,153.56,157.87,151.6,157.56,366428.0
2009-12-04,151.64,156.8,150.44,153.76,636343.0
2009-12-07,154.84,155.6,151.68,152.48,408660.0
2009-12-08,155.6,158.4,154.4,156.72,426276.0
2009-12-09,157.56,158.24,155.12,155.8,271970.0
2009-12-10,154.0,154.72,152.48,153.16,184972.0
2009-12-11,152.8,154.0,151.24,152.38,407601.0
2009-12-14,151.2,152.72,149.2,149.6,289405.0
2009-12-15,151.4,151.4,146.8,147.28,360114.0
2009-12-16,146.64,147.52,140.84,141.52,508578.0
2009-12-17,144.0,144.76,142.32,143.4,376686.0
2009-12-18,142.12,143.56,140.52,140.96,200829.0
2009-12-21,140.4,140.8,136.44,136.52,452108.0
2009-12-22,135.28,135.8,132.8,133.44,454580.0
2009-12-23,132.32,133.08,130.4,131.52,273844.0
2009-12-24,131.48,131.52,128.64,130.4,89499.0
2009-12-25,,,,130.4,0.0
2009-12-28,130.4,131.8,128.68,130.44,346524.0
2009-12-29,130.4,130.4,128.16,130.4,378770.0
2009-12-30,131.24,133.48,130.0,132.72,977392.0
2009-12-31,132.48,136.36,131.12,136.28,917986.0
2010-01-01,,,,136.28,0.0
2010-01-04,132.88,132.96,130.56,130.84,904479.0
2010-01-05,131.04,131.2,128.12,128.36,808271.0
2010-01-06,128.0,128.4,124.04,124.8,1123719.0
2010-01-07,124.8,125.28,121.28,121.28,1029097.0
2010-01-08,122.4,122.6,118.0,118.08,922030.0
2010-01-11,117.2,118.2,115.64,115.92,1010710.0
2010-01-12,118.68,122.48,117.36,119.56,1543515.0
2010-01-13,119.2,121.52,116.28,117.88,1099374.0
2010-01-14,118.32,119.0,114.4,115.0,1171481.0
2010-01-15,116.04,120.16,115.12,118.04,1765198.0
2010-01-18,,,,118.04,0.0
2010-01-19,118.6,118.68,110.8,111.28,1485348.0
2010-01-20,113.76,117.04,111.08,111.24,1865960.0
2010-01-21,111.2,117.92,109.16,117.28,2865114.0
2010-01-22,119.0,129.0,117.16,127.56,2905295.0
2010-01-25,123.64,128.16,122.6,126.36,1673945.0
2010-01-26,127.88,128.08,122.16,126.88,1870736.0
2010-01-27,127.12,130.96,124.0,124.0,2157411.0
2010-01-28,122.4,127.92,122.0,124.08,1743492.0
2010-01-29,122.08,128.72,120.48,126.56,1703244.0
2010-02-01,124.16,124.24,120.24,120.64,990420.0
2010-02-02,119.6,120.0,115.24,116.08,2388515.0
2010-02-03,117.56,117.6,114.4,116.52,941656.0
2010-02-04,119.0,129.64,119.0,129.44,2357449.0
2010-02-05,127.68,137.76,125.72,130.6,3878603.0
2010-02-08,130.64,133.76,128.44,133.24,1409748.0
2010-02-09,130.16,133.15,126.64,129.2,1627224.0
2010-02-10,129.72,133.88,127.52,128.36,1608806.0
2010-02-11,129.6,132.32,124.56,125.6,1216272.0
2010-02-12,131.0,132.0,125.28,125.72,1044588.0
2010-02-15,,,,125.72,0.0
2010-02-16,123.0,123.24,118.52,119.28,1313988.0
2010-02-17,118.28,118.64,115.76,115.76,1198770.0
2010-02-18,116.8,116.8,110.48,111.36,1699372.0
2010-02-19,112.96,112.96,108.0,108.2,1456691.0
2010-02-22,107.08,109.88,105.68,107.28,1593601.0
2010-02-23,107.96,112.28,106.68,109.12,2025396.0
2010-02-24,108.76,109.48,106.4,107.2,1155814.0
2010-02-25,110.52,112.88,106.96,106.96,1733462.0
2010-02-26,106.6,107.76,104.4,105.16,1164490.0
2010-03-01,104.0,104.08,102.0,102.56,1190692.0
2010-03-02,101.68,102.48,100.44,101.4,1367339.0
2010-03-03,100.96,101.72,99.72,101.0,2018569.0
2010-03-04,101.08,101.68,99.71,100.04,959218.0
2010-03-05,99.28,100.0,95.08,96.04,2244320.0
2010-03-08,95.88,95.88,92.88,94.2,3148548.0
2010-03-09,95.52,96.76,93.24,95.16,1920089.0
2010-03-10,94.88,95.6,92.72,95.56,1588718.0
2010-03-11,96.32,97.84,95.8,96.32,1617186.0
2010-03-12,95.0,97.2,94.36,95.4,1211503.0
2010-03-15,96.04,97.24,95.08,95.6,1098429.0
2010-03-16,95.32,95.32,92.08,92.68,1684834.0
2010-03-17,92.0,92.28,88.36,89.56,2751017.0
2010-03-18,89.52,89.6,87.88,88.32,2224225.0
2010-03-19,88.04,90.84,87.12,89.37,2505425.0
2010-03-22,91.48,91.92,87.44,87.72,2169887.0
2010-03-23,87.48,88.52,85.96,86.04,1913987.0
2010-03-24,87.48,89.32,86.84,88.24,2222620.0
2010-03-25,87.0,89.28,85.08,89.24,2507832.0
2010-03-26,88.88,89.92,87.2,87.96,2285227.0
2010-03-29,87.04,87.66,85.96,86.32,1276178.0
2010-03-30,87.0,87.32,85.08,85.16,1753610.0
2010-03-31,86.2,86.4,84.04,84.04,2153761.0
2010-04-01,82.96,85.0,81.04,84.08,2422665.0
2010-04-02,,,,84.08,0.0
2010-04-05,82.96,83.68,80.76,80.88,1635629.0
2010-04-06,81.52,82.0,78.0,78.28,1922363.0
2010-04-07,78.8,80.92,77.88,80.0,2698185.0
2010-04-08,80.52,82.6,78.56,78.88,2684762.0
2010-04-09,78.48,79.12,77.8,78.2,2065806.0
2010-04-12,78.04,78.44,77.08,78.0,2243249.0
2010-04-13,78.32,80.0,77.72,78.8,2903551.0
2010-04-14,77.68,77.92,76.24,76.6,3357430.0
2010-04-15,76.72,77.12,74.96,76.24,2695983.0
2010-04-16,77.08,83.12,76.5,79.88,5583334.0
2010-04-19,81.0,81.84,77.24,77.56,3809496.0
2010-04-20,76.52,77.04,72.88,73.08,4333853.0
2010-04-21,73.64,75.8,71.36,74.36,3734316.0
2010-04-22,75.96,77.6,73.52,73.76,3824850.0
2010-04-23,73.8,74.76,72.6,73.48,2139576.0
2010-04-26,73.64,74.96,72.8,74.64,2425256.0
2010-04-27,75.92,82.4,74.72,81.99,7275842.0
2010-04-28,80.36,83.8,79.4,81.56,5126744.0
2010-04-29,80.0,80.36,77.16,78.32,3213998.0
2010-04-30,78.64,84.88,77.92,84.84,4294946.0
2010-05-03,83.04,83.12,80.68,81.32,3650706.0
2010-05-04,84.32,90.84,84.08,89.48,7411882.0
2010-05-05,93.92,97.44,89.72,93.35,8298884.0
2010-05-06,96.04,126.16,93.32,104.5,11446050.0
2010-05-07,107.24,125.08,106.0,117.0,15489964.0
2010-05-10,98.32,103.6,94.08,100.32,10384340.0
2010-05-11,105.64,106.4,98.32,102.52,8896098.0
2010-05-12,100.44,100.8,95.72,96.3,5476956.0
2010-05-13,97.44,99.6,94.6,98.9,5437128.0
2010-05-14,102.6,112.0,101.52,107.44,11754925.0
2010-05-17,106.24,116.0,105.8,109.92,9236464.0
2010-05-18,104.96,117.2,102.0,116.52,10561022.0
2010-05-19,119.24,125.0,114.8,119.4,14199493.0
2010-05-20,128.44,140.0,128.0,136.28,19788784.0
2010-05-21,142.96,144.88,128.72,133.24,13803277.0
2010-05-24,133.6,135.28,128.0,132.48,8067954.0
2010-05-25,143.92,144.4,126.6,126.64,11310641.0
2010-05-26,121.2,125.28,116.0,124.12,9602996.0
2010-05-27,116.0,117.32,112.96,113.32,7108582.0
2010-05-28,112.32,117.16,112.2,114.32,8500468.0
2010-05-31,,,,114.32,0.0
2010-06-01,119.76,120.8,114.88,120.76,7328887.0
2010-06-02,120.2,121.76,115.2,115.48,6380060.0
2010-06-03,114.0,116.2,112.28,113.6,5261208.0
2010-06-04,121.52,126.0,117.72,125.16,8381507.0
2010-06-07,122.44,129.84,121.8,129.08,7600338.0
2010-06-08,127.6,131.4,124.4,124.56,9649810.0
2010-06-09,122.52,126.4,118.2,124.72,5733567.0
2010-06-10,120.36,121.44,117.68,118.28,5439004.0
2010-06-11,120.44,120.68,115.0,115.41,4317185.0
2010-06-14,112.08,113.8,109.56,113.72,5314725.0
2010-06-15,111.88,112.0,106.64,106.8,4611684.0
2010-06-16,108.0,108.08,104.24,105.06,4342364.0
2010-06-17,103.72,106.96,102.0,102.08,5076784.0
2010-06-18,102.2,103.0,98.56,100.28,3738871.0
2010-06-21,96.76,102.72,96.12,101.92,4364073.0
2010-06-22,101.64,106.8,101.08,105.96,5243265.0
2010-06-23,105.92,110.99,104.8,106.84,6083212.0
2010-06-24,108.68,114.96,107.56,113.4,6164723.0
2010-06-25,112.4,115.0,110.56,110.88,4864784.0
2010-06-28,110.16,113.8,109.76,112.72,3239061.0
2010-06-29,119.08,125.36,118.4,123.16,8900475.0
2010-06-30,123.24,125.96,118.52,124.8,6362778.0
2010-07-01,123.72,131.76,122.64,123.6,9598182.0
2010-07-02,121.56,123.4,118.8,119.96,5886176.0
2010-07-05,,,,119.96,0.0
2010-07-06,113.8,118.0,110.52,114.8,6124352.0
2010-07-07,113.32,113.56,107.08,107.6,6002770.0
2010-07-08,104.84,107.08,103.6,104.96,5064920.0
2010-07-09,105.32,105.92,102.08,102.2,3540271.0
2010-07-12,102.68,103.88,100.12,100.96,4467016.0
2010-07-13,99.12,100.0,97.48,100.0,4977510.0
2010-07-14,101.16,105.2,101.0,103.72,4806800.0
2010-07-15,103.92,109.0,102.32,102.8,5944823.0
2010-07-16,105.84,111.4,104.36,109.48,6007404.0
2010-07-19,108.16,109.24,105.4,106.12,5335958.0
2010-07-20,109.76,110.04,100.2,100.68,5495867.0
2010-07-21,99.56,103.96,98.4,101.6,6245550.0
2010-07-22,99.48,99.52,94.68,96.28,5523208.0
2010-07-23,96.8,98.16,94.0,94.6,5840416.0
2010-07-26,94.6,95.04,90.68,91.28,3939658.0
2010-07-27,89.12,92.24,88.68,90.56,4999656.0
2010-07-28,93.0,93.56,90.44,91.48,5264538.0
2010-07-29,90.16,93.92,88.4,91.32,5642816.0
2010-07-30,94.2,94.76,89.68,90.28,6247052.0
2010-08-02,87.96,88.4,84.88,84.92,4768789.0
2010-08-03,85.84,87.64,85.2,86.12,3478218.0
2010-08-04,85.56,86.52,84.6,86.16,4069772.0
2010-08-05,87.08,87.4,85.44,86.4,4369082.0
2010-08-06,88.48,90.0,85.6,85.6,6736326.0
2010-08-09,85.04,86.0,84.04,84.32,3027531.0
2010-08-10,86.88,87.64,84.04,85.2,6186144.0
2010-08-11,88.8,91.4,88.68,91.36,7040712.0
2010-08-12,94.52,95.2,91.52,92.6,5820459.0
2010-08-13,93.48,95.56,92.52,95.12,5246650.0
2010-08-16,96.16,96.4,93.12,94.44,4218232.0
2010-08-17,91.36,92.04,89.72,90.68,4216978.0
2010-08-18,90.36,91.08,88.2,88.88,4648789.0
2010-08-19,89.8,94.08,88.8,92.8,6627459.0
2010-08-20,93.48,94.36,91.08,91.36,4760218.0
2010-08-23,90.2,90.52,88.6,90.24,5544238.0
2010-08-24,93.32,95.92,91.48,93.0,7302136.0
2010-08-25,94.8,95.48,90.12,90.69,6510320.0
2010-08-26,89.56,92.96,88.68,91.6,6183798.0
2010-08-27,90.0,92.92,86.0,86.0,7013176.0
2010-08-30,86.32,88.96,85.04,88.72,3953778.0
2010-08-31,89.0,90.16,86.76,87.84,6664541.0
2010-09-01,84.84,85.52,82.2,82.52,6897208.0
2010-09-02,82.04,82.52,80.04,80.2,4343352.0
2010-09-03,77.76,78.36,76.2,76.32,7056185.0
2010-09-06,,,,76.32,0.0
2010-09-07,78.04,79.12,76.88,78.4,5294935.0
2010-09-08,77.92,78.24,76.4,77.0,3704814.0
2010-09-09,75.04,75.76,74.12,75.76,5673878.0
2010-09-10,75.16,75.56,74.0,74.16,4645054.0
2010-09-13,72.52,72.6,70.08,70.32,7241676.0
2010-09-14,70.84,71.36,69.52,70.28,6100501.0
2010-09-15,71.16,71.6,68.92,69.24,5880078.0
2010-09-16,69.6,70.72,69.04,69.52,5522714.0
2010-09-17,68.8,70.08,68.44,68.64,7155700.0
2010-09-20,68.12,68.68,66.76,66.92,5882744.0
2010-09-21,66.88,67.72,65.8,67.16,9230526.0
2010-09-22,67.72,68.88,66.32,68.24,7023980.0
2010-09-23,70.04,70.88,68.4,70.48,6902108.0
2010-09-24,68.56,68.56,66.44,66.52,6069624.0
2010-09-27,66.44,67.04,65.76,67.0,4510295.0
2010-09-28,66.52,68.76,66.16,66.4,6766845.0
2010-09-29,67.32,68.16,66.56,67.72,6211988.0
2010-09-30,67.08,70.0,66.4,69.16,8296570.0
2010-10-01,67.92,69.64,67.92,68.16,5392545.0
2010-10-04,68.72,69.96,67.96,69.48,5429226.0
2010-10-05,67.92,68.28,65.28,65.74,8245750.0
2010-10-06,65.36,66.28,64.8,64.96,6184033.0
2010-10-07,64.48,66.16,64.0,64.56,5709339.0
2010-10-08,64.84,64.88,61.52,61.6,8198718.0
2010-10-11,61.28,61.36,60.24,60.44,4972836.0
2010-10-12,61.16,62.0,57.76,58.0,10495144.0
2010-10-13,57.08,57.72,56.0,56.8,8887519.0
2010-10-14,57.32,60.08,57.08,58.8,9226358.0
2010-10-15,57.76,60.64,57.6,57.66,8069270.0
2010-10-18,58.28,58.92,55.36,56.12,5949628.0
2010-10-19,57.96,58.96,56.44,57.92,12646938.0
2010-10-20,57.68,58.04,54.68,55.0,8417358.0
2010-10-21,54.24,55.52,53.04,53.72,11387182.0
2010-10-22,53.16,53.36,51.28,51.32,8445146.0
2010-10-25,50.08,51.16,49.4,50.6,7711610.0
2010-10-26,51.56,52.08,50.88,51.68,5943962.0
2010-10-27,52.72,54.68,52.16,52.44,8305604.0
2010-10-28,51.6,53.36,51.24,52.21,5993296.0
2010-10-29,52.36,53.2,52.16,52.4,4885404.0
2010-11-01,52.4,53.64,51.2,52.88,7134551.0
2010-11-02,51.96,52.08,51.24,51.44,5894689.0
2010-11-03,51.48,52.28,47.92,48.28,12496397.0
2010-11-04,46.44,46.52,44.92,45.04,11374995.0
2010-11-05,44.2,45.12,44.04,44.56,8323352.0
2010-11-08,,,,45.17,0.0
2010-11-09,177.4,185.16,176.0,181.56,2985075.0
2010-11-10,180.92,187.52,178.08,178.4,3448415.0
2010-11-11,183.4,186.08,180.56,181.72,2728427.0
2010-11-12,185.24,193.6,181.48,190.4,4674245.0
2010-11-15,188.64,189.56,182.4,188.96,2637108.0
2010-11-16,191.56,202.52,191.52,197.36,5148701.0
2010-11-17,196.32,196.64,188.52,192.32,3298824.0
2010-11-18,186.04,186.04,179.72,181.32,2882066.0
2010-11-19,182.56,187.0,177.64,177.8,2334094.0
2010-11-22,179.52,182.0,171.64,171.68,3723076.0
2010-11-23,179.04,183.32,177.44,179.48,5200621.0
2010-11-24,,,,172.64,0.0
2010-11-26,176.36,183.04,173.76,183.04,2070966.0
2010-11-29,184.04,192.0,182.08,184.4,3174237.0
2010-11-30,190.72,197.16,188.48,197.16,4095206.0
2010-12-01,187.96,188.36,183.92,187.8,3178026.0
2010-12-02,185.0,185.36,173.04,173.24,3736171.0
2010-12-03,175.56,175.64,164.44,165.2,2841786.0
2010-12-06,165.56,166.6,161.04,162.2,1912417.0
2010-12-07,156.56,160.76,155.0,160.6,2854865.0
2010-12-08,159.96,162.92,155.26,156.2,2674614.0
2010-12-09,152.6,156.84,152.16,154.16,2988549.0
2010-12-10,151.84,154.0,150.92,152.52,2062738.0
2010-12-13,150.52,155.64,150.36,154.76,2334009.0
2010-12-14,153.88,157.2,153.36,155.6,2031248.0
2010-12-15,156.8,159.88,153.32,159.16,3154016.0
2010-12-16,158.4,160.4,155.88,156.04,2910812.0
2010-12-17,155.88,157.08,152.4,153.28,2252150.0
2010-12-20,151.04,153.6,148.96,149.88,2229126.0
2010-12-21,147.52,148.2,146.28,147.28,1722374.0
2010-12-22,145.92,147.2,145.24,146.48,1690025.0
2010-12-23,,,,151.2,0.0
2010-12-27,152.44,155.88,152.44,153.84,1515695.0
2010-12-28,153.12,156.84,153.12,155.72,1151318.0
2010-12-29,154.52,155.2,153.08,153.6,1367510.0
2010-12-30,154.12,154.4,151.36,151.68,2145344.0
2010-12-31,152.4,153.72,150.08,150.44,1469864.0
2011-01-03,147.56,147.65,144.28,145.96,1795730.0
2011-01-04,145.72,150.52,144.88,145.32,2977207.0
2011-01-05,147.72,148.2,142.32,143.32,2436092.0
2011-01-06,142.56,145.32,141.48,143.72,3008620.0
2011-01-07,142.44,147.96,140.2,144.2,4370912.0
2011-01-10,146.2,149.32,143.12,144.0,2667345.0
2011-01-11,141.76,142.92,139.4,139.76,3310284.0
2011-01-12,136.64,137.28,133.12,133.72,4003124.0
2011-01-13,133.08,134.88,131.72,131.96,3831476.0
2011-01-14,,,,126.28,0.0
2011-01-18,126.36,126.56,121.96,122.24,3714890.0
2011-01-19,123.2,131.52,122.72,128.72,6277774.0
2011-01-20,129.36,132.84,127.0,127.4,5901306.0
2011-01-21,124.16,130.24,123.64,128.92,4318166.0
2011-01-24,129.2,130.0,125.44,126.32,3414444.0
2011-01-25,127.36,129.64,124.56,124.76,4879293.0
2011-01-26,123.28,124.48,119.72,120.96,4038590.0
2011-01-27,120.48,121.68,118.04,118.44,3622254.0
2011-01-28,117.92,130.28,116.32,128.4,9143845.0
2011-01-31,126.56,129.44,125.96,128.12,4397168.0
2011-02-01,124.8,125.4,120.44,121.92,3884597.0
2011-02-02,122.88,123.16,119.6,121.4,1151220.0
2011-02-03,121.96,125.0,119.36,119.76,926383.0
2011-02-04,119.36,120.6,116.56,116.92,1113414.0
2011-02-07,115.48,115.68,113.6,115.08,985518.0
2011-02-08,114.48,116.76,113.0,113.68,788414.0
2011-02-09,114.8,116.44,113.44,114.0,1013256.0
2011-02-10,116.64,117.0,113.2,114.04,1149592.0
2011-02-11,115.04,115.2,111.72,112.08,906992.0
2011-02-14,111.76,112.72,110.8,110.92,703129.0
2011-02-15,111.88,112.68,111.16,112.4,933622.0
2011-02-16,110.88,113.88,109.8,113.84,1163083.0
2011-02-17,114.4,115.84,114.04,115.12,803806.0
2011-02-18,,,,116.16,0.0
2011-02-22,123.16,131.44,120.4,130.28,2228368.0
2011-02-23,130.56,140.72,129.16,136.04,2082247.0
2011-02-24,136.32,140.08,133.44,134.72,1638623.0
2011-02-25,130.76,131.0,125.88,126.04,1176260.0
2011-02-28,123.0,123.36,119.88,120.72,1309690.0
2011-03-01,119.52,130.0,119.32,129.92,1485206.0
2011-03-02,129.96,131.8,125.8,130.12,1393665.0
2011-03-03,124.56,125.84,123.32,123.72,938853.0
2011-03-04,123.08,129.36,122.4,126.64,1710744.0
2011-03-07,125.16,134.12,123.6,129.96,1626593.0
2011-03-08,129.76,133.16,126.32,127.36,1078340.0
2011-03-09,128.28,132.72,128.0,129.0,1365578.0
2011-03-10,133.84,136.64,132.32,135.64,1631058.0
2011-03-11,138.04,138.4,131.08,132.04,1259162.0
2011-03-14,136.12,137.36,132.84,133.28,1378839.0
2011-03-15,148.0,148.16,136.52,139.04,2378616.0
2011-03-16,140.12,156.56,139.12,150.48,3402746.0
2011-03-17,142.8,147.28,141.48,145.92,2066682.0
2011-03-18,139.6,143.68,139.08,141.44,1330866.0
2011-03-21,135.32,135.88,130.24,130.72,965432.0
2011-03-22,129.24,131.36,128.4,130.04,731502.0
2011-03-23,131.12,133.32,124.48,125.04,1130154.0
2011-03-24,121.24,123.8,120.4,121.64,1032730.0
2011-03-25,120.16,121.84,118.4,121.48,1142064.0
2011-03-28,120.52,123.2,119.16,123.0,879398.0
2011-03-29,122.84,124.88,119.96,119.96,807591.0
2011-03-30,118.28,119.2,116.92,117.88,910735.0
2011-03-31,118.72,119.32,117.08,117.44,740509.0
2011-04-01,114.8,117.72,113.84,116.36,985756.0
2011-04-04,115.2,117.04,114.48,115.2,573646.0
2011-04-05,116.0,116.32,112.72,113.16,1068158.0
2011-04-06,112.0,114.72,111.48,112.72,798382.0
2011-04-07,112.92,116.08,112.4,113.52,1187960.0
2011-04-08,112.08,117.2,111.56,115.68,1060154.0
2011-04-11,114.8,116.2,113.28,114.56,793577.0
2011-04-12,116.96,118.08,114.68,115.68,1108630.0
2011-04-13,114.0,116.28,113.44,113.72,818459.0
2011-04-14,116.28,116.68,112.08,112.76,917766.0
2011-04-15,112.0,113.28,109.64,110.24,1233252.0
2011-04-18,114.84,117.24,112.08,112.68,1806168.0
2011-04-19,111.24,111.48,106.8,107.08,1166480.0
2011-04-20,102.96,103.4,101.76,102.6,921574.0
2011-04-21,,,,99.56,0.0
2011-04-25,99.08,99.84,97.0,97.24,673415.0
2011-04-26,96.08,96.68,93.84,95.12,784776.0
2011-04-27,95.2,99.0,93.64,93.64,1339204.0
2011-04-28,94.96,94.96,92.08,92.68,615224.0
2011-04-29,92.44,93.56,92.44,92.56,461134.0
2011-05-02,91.88,96.32,91.84,95.6,872498.0
2011-05-03,95.88,99.8,95.8,97.4,923275.0
2011-05-04,97.64,101.88,97.44,98.52,1185924.0
2011-05-05,101.96,102.4,97.44,101.44,1482741.0
2011-05-06,96.6,102.32,95.0,99.2,1657280.0
2011-05-09,99.4,99.68,95.64,95.92,605054.0
2011-05-10,94.92,95.6,92.2,92.64,841160.0
2011-05-11,92.76,97.08,92.72,94.24,1027481.0
2011-05-12,96.0,97.24,92.4,93.32,1003767.0
2011-05-13,92.72,96.0,92.56,94.52,910022.0
2011-05-16,95.52,96.68,92.56,96.68,1315988.0
2011-05-17,97.8,99.08,94.48,94.8,1267359.0
2011-05-18,94.28,95.52,91.68,92.2,823136.0
2011-05-19,90.92,92.24,89.88,89.96,1304236.0
2011-05-20,90.28,92.92,88.88,90.96,1303239.0
2011-05-23,95.6,96.12,92.8,94.04,1473827.0
2011-05-24,93.0,93.96,91.84,93.96,740062.0
2011-05-25,94.0,94.04,90.32,91.2,797541.0
2011-05-26,91.64,92.2,89.04,89.16,1005242.0
2011-05-27,,,,87.76,0.0
2011-05-31,84.6,86.24,84.44,85.16,1073739.0
2011-06-01,85.8,90.64,85.4,90.44,1574510.0
2011-06-02,89.04,92.28,88.4,89.32,1413407.0
2011-06-03,93.2,93.28,88.32,89.44,1660832.0
2011-06-06,89.48,92.08,88.32,91.0,1150894.0
2011-06-07,89.28,89.96,87.64,89.92,1146450.0
2011-06-08,89.92,91.76,89.0,91.28,1457004.0
2011-06-09,89.92,90.2,87.76,88.44,879880.0
2011-06-10,88.88,92.4,88.6,91.48,1687562.0
2011-06-13,91.12,94.92,90.08,92.96,1430781.0
2011-06-14,90.4,90.52,89.04,90.2,1026091.0
2011-06-15,93.28,98.16,92.6,97.72,2993962.0
2011-06-16,99.6,107.52,98.0,102.84,3048158.0
2011-06-17,99.6,103.52,98.56,100.92,1962948.0
2011-06-20,101.72,102.4,96.32,96.48,1286446.0
2011-06-21,93.68,94.24,91.04,93.6,1350164.0
2011-06-22,92.36,94.48,90.44,94.28,1231525.0
2011-06-23,99.56,100.84,94.08,94.12,2055216.0
2011-06-24,93.4,98.56,92.92,98.2,1132744.0
2011-06-27,98.32,99.56,96.04,96.68,1062142.0
2011-06-28,95.24,96.04,92.6,92.76,982125.0
2011-06-29,90.32,91.2,87.96,88.2,1371428.0
2011-06-30,86.48,86.68,83.64,84.56,1466668.0
2011-07-01,,,,81.28,0.0
2011-07-05,80.88,81.96,80.32,81.48,1025401.0
2011-07-06,82.44,84.0,81.68,82.68,1281749.0
2011-07-07,79.92,80.64,79.56,80.44,1136365.0
2011-07-08,83.32,83.4,81.36,81.4,1469574.0
2011-07-11,85.28,88.48,84.4,88.08,1955680.0
2011-07-12,89.96,90.4,86.24,90.36,1734970.0
2011-07-13,88.36,91.32,85.92,90.28,1627962.0
2011-07-14,89.16,95.84,89.16,93.52,2603814.0
2011-07-15,92.44,95.96,91.28,92.64,1641628.0
2011-07-18,94.44,96.48,94.24,94.56,1975208.0
2011-07-19,92.6,92.88,89.64,89.96,1452691.0
2011-07-20,88.24,90.04,87.8,88.16,1005484.0
2011-07-21,85.84,86.44,83.32,83.48,1556072.0
2011-07-22,82.84,84.32,82.16,82.92,907808.0
2011-07-25,85.44,86.36,84.24,86.04,874005.0
2011-07-26,86.48,88.68,86.16,88.08,1195640.0
2011-07-27,89.72,93.76,89.56,93.24,2407964.0
2011-07-28,93.68,96.08,90.6,95.36,1793878.0
2011-07-29,98.32,99.92,93.12,93.64,2456921.0
2011-08-01,88.64,95.72,88.24,89.6,2164666.0
2011-08-02,92.52,95.96,90.4,95.96,2236703.0
2011-08-03,96.2,100.8,94.64,96.36,2597705.0
2011-08-04,100.08,115.6,99.44,115.6,4614270.0
2011-08-05,110.52,133.0,108.8,121.16,6078373.0
2011-08-08,132.36,142.52,127.56,139.16,7632534.0
2011-08-09,133.76,144.32,125.2,125.24,6272520.0
2011-08-10,130.64,141.72,129.12,140.92,2745356.0
2011-08-11,138.56,142.0,131.52,135.4,5328156.0
2011-08-12,130.68,136.92,128.9,136.36,2568459.0
2011-08-15,132.12,134.2,128.48,128.72,1904004.0
2011-08-16,131.6,136.0,129.16,131.4,2555054.0
2011-08-17,129.6,135.6,128.36,134.12,1490577.0
2011-08-18,146.56,165.48,146.28,161.72,4058103.0
2011-08-19,172.16,172.44,159.72,170.24,3567985.0
2011-08-22,160.52,177.68,160.28,175.32,3391867.0
2011-08-23,174.72,178.92,166.08,167.24,2684298.0
2011-08-24,166.88,168.6,158.6,163.64,1722916.0
2011-08-25,158.88,170.96,157.04,166.76,1991528.0
2011-08-26,173.04,176.36,161.32,164.28,3728884.0
2011-08-29,158.04,158.68,153.96,154.0,1260710.0
2011-08-30,156.6,159.88,153.52,155.72,1737150.0
2011-08-31,153.92,157.76,151.12,155.88,1990846.0
2011-09-01,155.44,158.08,151.4,157.96,1697012.0
2011-09-02,165.68,167.6,163.28,165.92,1614774.0
2011-09-06,181.12,181.24,170.44,170.8,1824907.0
2011-09-07,165.72,167.64,164.08,164.76,1040899.0
2011-09-08,166.96,168.52,161.84,167.4,1497884.0
2011-09-09,172.44,185.52,171.36,183.4,2169115.0
2011-09-12,191.92,196.6,184.12,184.96,2210004.0
2011-09-13,183.8,189.16,182.6,183.28,2172964.0
2011-09-14,180.84,187.8,174.36,178.36,1736196.0
2011-09-15,174.16,176.16,169.36,169.36,1459894.0
2011-09-16,168.36,172.08,165.4,166.08,1511187.0
2011-09-19,174.24,177.28,169.76,171.8,1508197.0
2011-09-20,170.12,172.32,165.52,171.52,1707358.0
2011-09-21,170.68,180.96,168.56,180.84,1685310.0
2011-09-22,196.56,205.4,191.36,199.36,3558039.0
2011-09-23,200.88,204.48,196.84,201.36,1388022.0
2011-09-26,197.48,205.2,193.88,194.4,1586790.0
2011-09-27,185.92,192.52,182.2,190.56,1726466.0
2011-09-28,188.64,203.24,186.6,202.84,1419004.0
2011-09-29,196.0,208.96,194.0,199.44,1693924.0
2011-09-30,207.2,214.36,203.2,213.48,1447632.0
2011-10-03,218.2,227.88,212.56,227.36,2433728.0
2011-10-04,233.04,236.6,210.08,211.92,2731310.0
2011-10-05,208.68,212.52,200.28,201.04,1082410.0
2011-10-06,201.68,205.6,197.44,197.84,912078.0
2011-10-07,194.0,204.68,193.76,201.0,1960596.0
2011-10-10,193.0,193.32,186.4,186.4,973676.0
2011-10-11,188.84,189.04,183.08,184.24,822012.0
2011-10-12,178.0,178.64,168.64,172.0,1355646.0
2011-10-13,173.56,179.0,171.2,171.52,798524.0
2011-10-14,164.24,168.44,161.28,161.72,936433.0
2011-10-17,162.68,179.64,162.44,178.68,1525740.0
2011-10-18,178.8,185.28,165.8,172.0,1720444.0
2011-10-19,171.08,186.92,169.24,183.64,1049382.0
2011-10-20,184.72,193.0,182.72,184.96,1431035.0
2011-10-21,178.24,181.36,174.8,175.12,1164210.0
2011-10-24,173.12,173.2,164.0,164.68,1010066.0
2011-10-25,166.52,176.68,166.36,175.24,1531583.0
2011-10-26,168.48,181.2,167.4,167.92,1555456.0
2011-10-27,151.04,154.88,144.4,145.92,1412390.0
2011-10-28,148.84,150.16,143.8,145.04,825840.0
2011-10-31,151.8,160.4,150.2,160.4,1251995.0
2011-11-01,184.6,188.96,177.08,183.68,2841862.0
2011-11-02,177.08,184.28,176.08,178.0,1332512.0
2011-11-03,172.88,184.0,168.8,169.24,1420944.0
2011-11-04,173.8,179.2,169.92,173.16,1276667.0
2011-11-07,173.76,178.36,171.04,171.28,1248952.0
2011-11-08,168.96,173.96,163.04,163.28,1328098.0
2011-11-09,175.64,195.2,173.76,193.72,2356366.0
2011-11-10,182.64,192.76,181.08,181.84,1984510.0
2011-11-11,174.92,175.48,171.84,174.24,885841.0
2011-11-14,176.88,181.64,176.24,178.48,1228097.0
2011-11-15,181.76,183.28,174.64,176.52,1349162.0
2011-11-16,182.04,186.44,175.44,185.16,1486473.0
2011-11-17,186.44,197.72,184.6,193.76,1987587.0
2011-11-18,188.64,193.96,187.28,187.56,1505038.0
2011-11-21,197.36,198.04,188.44,190.16,1581376.0
2011-11-22,191.04,192.8,185.36,185.68,1461709.0
2011-11-23,,,,194.4,0.0
2011-11-25,194.76,197.4,190.8,196.8,673608.0
2011-11-28,183.32,189.32,181.76,187.28,1004996.0
2011-11-29,185.76,187.84,181.76,183.52,974270.0
2011-11-30,171.48,172.64,166.6,167.2,1018600.0
2011-12-01,167.92,168.48,162.16,163.28,918584.0
2011-12-02,158.88,163.48,156.0,163.28,954370.0
2011-12-05,156.0,164.64,155.76,162.76,1358006.0
2011-12-06,162.6,163.88,160.0,162.16,674160.0
2011-12-07,164.32,170.96,164.0,166.92,959210.0
2011-12-08,171.72,176.16,170.24,174.68,1060748.0
2011-12-09,172.32,172.84,162.16,162.44,920084.0
2011-12-12,166.16,169.24,163.2,163.2,909616.0
2011-12-13,159.96,165.8,156.28,162.52,1225715.0
2011-12-14,162.52,166.64,160.16,163.08,960128.0
2011-12-15,157.0,159.0,154.76,156.56,881822.0
2011-12-16,151.64,157.96,151.4,156.0,913206.0
2011-12-19,154.36,155.68,151.04,154.36,938277.0
2011-12-20,147.32,147.56,144.52,144.88,927153.0
2011-12-21,143.56,145.56,134.96,135.04,1128673.0
2011-12-22,132.0,136.92,129.44,135.32,887582.0
2011-12-23,,,,138.76,0.0
2011-12-27,138.2,138.8,136.04,137.56,286296.0
2011-12-28,136.92,143.92,136.6,143.32,578715.0
2011-12-29,142.16,142.32,139.6,139.88,444469.0
2011-12-30,,,,142.12,0.0
2012-01-03,135.48,136.52,133.6,134.64,686170.0
2012-01-04,136.48,137.92,131.76,132.04,608386.0
2012-01-05,133.8,135.24,128.84,128.88,574884.0
2012-01-06,128.04,130.56,125.6,126.92,1115775.0
2012-01-09,125.88,126.96,124.24,125.2,662934.0
2012-01-10,121.24,123.24,120.04,122.56,779338.0
2012-01-11,123.72,124.96,123.08,124.64,694020.0
2012-01-12,123.92,128.6,122.6,122.76,856690.0
2012-01-13,,,,126.0,0.0
2012-01-17,121.76,125.88,119.92,125.08,890954.0
2012-01-18,124.12,125.72,120.28,120.6,972152.0
2012-01-19,118.8,120.28,116.92,117.24,1069750.0
2012-01-20,117.84,118.52,113.4,113.68,1008928.0
2012-01-23,113.6,114.32,110.0,110.88,1144565.0
2012-01-24,113.44,113.96,110.68,111.28,962015.0
2012-01-25,111.2,112.68,106.16,106.68,1052596.0
2012-01-26,104.2,108.2,103.96,106.52,1186074.0
2012-01-27,108.04,108.2,103.92,104.36,980123.0
2012-01-30,108.2,108.96,106.0,107.44,972281.0
2012-01-31,105.08,108.52,104.52,107.44,990565.0
2012-02-01,105.04,106.0,103.04,104.64,877736.0
2012-02-02,102.6,103.28,101.32,101.4,1011906.0
2012-02-03,97.08,98.2,95.8,95.8,1334340.0
2012-02-06,96.84,97.12,94.84,94.88,1011678.0
2012-02-07,95.24,96.96,94.72,95.8,1156299.0
2012-02-08,95.72,98.48,95.2,97.92,1224038.0
2012-02-09,98.48,102.88,97.6,102.68,1326904.0
2012-02-10,108.28,117.84,107.12,111.44,1766764.0
2012-02-13,105.36,107.04,102.96,103.04,1442942.0
2012-02-14,104.6,112.64,104.36,106.08,1760482.0
2012-02-15,107.0,112.96,106.96,112.08,1900529.0
2012-02-16,114.8,116.84,107.36,107.76,1897096.0
2012-02-17,105.96,109.08,105.04,106.44,977670.0
2012-02-21,105.0,107.76,104.8,106.24,1538294.0
2012-02-22,107.0,107.24,103.04,103.24,1655773.0
2012-02-23,103.2,104.36,95.8,96.52,1508116.0
2012-02-24,95.24,100.76,94.52,100.32,1502572.0
2012-02-27,103.84,104.2,97.96,101.24,1733284.0
2012-02-28,102.2,102.52,99.44,99.84,1230388.0
2012-02-29,98.2,100.64,96.32,98.28,1956569.0
2012-03-01,97.64,98.2,95.68,96.56,1517134.0
2012-03-02,96.32,97.96,95.56,97.08,1251319.0
2012-03-05,97.76,98.76,96.2,96.76,1396711.0
2012-03-06,102.92,105.0,100.88,104.2,2214923.0
2012-03-07,102.68,103.4,98.76,99.04,1292079.0
2012-03-08,96.48,97.04,94.6,95.24,1317301.0
2012-03-09,93.8,94.0,91.4,93.36,1481610.0
2012-03-12,92.04,92.24,88.76,89.12,1586394.0
2012-03-13,86.76,87.12,84.28,84.92,1992398.0
2012-03-14,84.2,89.92,84.16,87.84,1943475.0
2012-03-15,88.64,89.8,86.36,86.36,1690616.0
2012-03-16,85.96,87.32,85.52,86.28,1520037.0
2012-03-19,85.76,86.0,80.44,80.92,2105696.0
2012-03-20,82.88,83.48,77.24,77.32,2013212.0
2012-03-21,75.72,76.76,72.56,73.48,2390313.0
2012-03-22,76.56,78.0,73.4,74.32,2621524.0
2012-03-23,73.84,75.04,68.88,69.16,2643059.0
2012-03-26,66.56,66.6,62.28,62.68,2317285.0
2012-03-27,63.8,69.0,63.36,68.84,1942986.0
2012-03-28,68.8,75.36,67.68,69.32,2650570.0
2012-03-29,73.64,73.64,68.28,69.12,2269318.0
2012-03-30,66.08,68.92,66.0,67.28,1872853.0
2012-04-02,67.52,67.92,64.76,67.24,1343346.0
2012-04-03,66.92,70.32,66.28,68.4,1838934.0
2012-04-04,71.76,73.4,69.24,69.84,1939219.0
2012-04-05,71.6,72.0,69.6,71.48,1508885.0
2012-04-09,75.76,76.0,73.04,76.0,1749198.0
2012-04-10,76.4,82.2,75.28,81.96,2999934.0
2012-04-11,77.92,80.56,77.0,80.04,1962740.0
2012-04-12,79.0,79.36,72.8,73.32,2047203.0
2012-04-13,72.96,77.28,72.88,77.12,2220321.0
2012-04-16,74.4,78.52,73.68,76.04,1972916.0
2012-04-17,73.24,73.56,70.88,71.96,1982416.0
2012-04-18,72.64,73.8,70.96,73.0,1761400.0
2012-04-19,72.68,75.48,71.12,73.44,2136793.0
2012-04-20,71.88,71.96,70.32,71.08,1635892.0
2012-04-23,74.72,76.12,73.0,73.44,1801619.0
2012-04-24,73.04,73.48,71.64,71.64,1450907.0
2012-04-25,68.8,69.04,67.08,67.28,1802368.0
2012-04-26,67.28,67.72,64.32,64.88,1551170.0
2012-04-27,64.72,66.08,64.2,64.76,1459416.0
2012-04-30,65.6,66.64,65.12,66.2,1196010.0
2012-05-01,66.08,66.24,63.32,64.04,1265028.0
2012-05-02,65.6,66.2,64.08,64.76,1343458.0
2012-05-03,64.28,66.96,63.8,66.16,1649920.0
2012-05-04,66.8,70.0,66.56,68.92,2014818.0
2012-05-07,70.6,70.8,67.08,67.72,1591153.0
2012-05-08,69.2,72.8,68.08,68.56,2516532.0
2012-05-09,71.84,73.16,68.88,71.0,2569801.0
2012-05-10,68.88,69.88,67.96,68.8,1932616.0
2012-05-11,70.56,70.76,67.68,69.92,1459783.0
2012-05-14,72.84,74.0,71.88,73.76,2220947.0
2012-05-15,74.16,77.88,72.76,77.4,2300606.0
2012-05-16,76.4,80.6,75.16,80.28,2402382.0
2012-05-17,79.68,84.16,78.68,84.0,2877633.0
2012-05-18,83.6,91.12,82.96,89.6,3658762.0
2012-05-21,88.96,90.28,79.6,79.6,3158786.0
2012-05-22,78.6,85.08,75.12,82.44,2577238.0
2012-05-23,84.68,87.2,80.16,81.04,3467352.0
2012-05-24,80.44,84.8,79.96,81.68,2337110.0
2012-05-25,81.68,82.12,80.4,80.88,1520331.0
2012-05-29,78.56,79.96,76.68,76.88,2037961.0
2012-05-30,79.04,82.24,79.04,82.2,2180441.0
2012-05-31,82.8,87.12,80.48,83.28,2447052.0
2012-06-01,89.44,90.56,87.12,90.36,3126729.0
2012-06-04,88.4,91.48,86.44,86.68,2468136.0
2012-06-05,87.64,87.64,84.12,84.76,1931292.0
2012-06-06,82.24,82.8,78.56,78.6,2075713.0
2012-06-07,75.2,78.32,74.64,77.84,2360953.0
2012-06-08,78.4,78.68,73.6,73.6,2079574.0
2012-06-11,70.96,80.04,70.52,79.8,2859657.0
2012-06-12,79.2,81.92,77.92,78.44,2555330.0
2012-06-13,80.28,83.68,78.08,82.48,2554235.0
2012-06-14,81.8,83.0,77.2,77.2,2598406.0
2012-06-15,76.6,77.68,73.0,73.96,2207560.0
2012-06-18,73.6,74.24,67.68,67.88,2967242.0
2012-06-19,65.52,67.48,65.08,66.52,2225949.0
2012-06-20,66.44,69.0,63.64,63.72,3019434.0
2012-06-21,63.72,70.84,63.04,70.8,2863962.0
2012-06-22,68.2,69.4,63.2,63.56,2509505.0
2012-06-25,68.0,69.52,67.52,68.72,2014284.0
2012-06-26,66.76,69.36,65.8,66.72,1665699.0
2012-06-27,65.76,67.32,64.72,67.24,1423232.0
2012-06-28,68.0,69.16,64.96,65.04,2284534.0
2012-06-29,61.4,62.28,60.44,60.84,2849441.0
2012-07-02,59.6,60.28,56.68,56.88,2401012.0
2012-07-03,56.48,56.6,54.84,55.6,1243218.0
2012-07-05,56.08,58.24,56.04,57.6,1886028.0
2012-07-06,59.16,59.32,56.88,57.0,1658664.0
2012-07-09,56.76,58.0,55.92,56.56,1375134.0
2012-07-10,55.56,59.12,54.8,58.12,2025061.0
2012-07-11,57.88,58.92,55.68,56.24,1846648.0
2012-07-12,57.56,58.84,55.4,56.64,1953545.0
2012-07-13,55.96,55.96,53.4,53.4,2388722.0
2012-07-16,53.28,53.96,52.28,52.68,1527836.0
2012-07-17,52.0,53.44,50.52,50.8,2157253.0
2012-07-18,51.08,51.72,50.0,51.4,1973680.0
2012-07-19,51.12,52.16,50.2,50.28,1800621.0
2012-07-20,51.76,53.32,51.0,52.8,2400099.0
2012-07-23,57.04,58.88,55.32,56.24,2589742.0
2012-07-24,56.2,60.36,56.16,58.64,2452881.0
2012-07-25,58.24,60.4,56.88,57.8,1865017.0
2012-07-26,54.2,55.44,53.32,53.4,2398018.0
2012-07-27,51.2,52.6,50.92,51.92,2275491.0
2012-07-30,51.6,53.2,50.92,53.04,1649079.0
2012-07-31,54.16,54.68,53.0,54.48,1549152.0
2012-08-01,53.44,54.64,52.72,53.36,2002622.0
2012-08-02,54.68,55.28,52.12,52.12,2764688.0
2012-08-03,50.12,50.52,48.56,48.56,2706628.0
2012-08-06,47.96,48.2,46.88,47.44,1572935.0
2012-08-07,46.68,48.88,46.44,48.88,1548865.0
2012-08-08,48.56,49.0,46.68,46.84,1949165.0
2012-08-09,47.08,47.56,46.04,46.52,1446068.0
2012-08-10,47.0,47.36,45.68,45.68,1689493.0
2012-08-13,45.92,46.04,44.52,44.52,1893709.0
2012-08-14,44.8,47.04,44.56,46.96,2565746.0
2012-08-15,47.04,47.32,45.88,47.0,1598323.0
2012-08-16,46.92,47.68,46.04,46.04,1741750.0
2012-08-17,45.64,46.2,44.44,44.8,1818466.0
2012-08-20,45.2,45.96,44.72,44.8,1678404.0
2012-08-21,44.24,46.38,44.12,46.0,2057003.0
2012-08-22,46.88,47.28,45.84,46.4,2437263.0
2012-08-23,46.64,47.86,46.48,47.24,1937260.0
2012-08-24,47.8,47.92,45.0,45.28,1667582.0
2012-08-27,44.92,45.84,44.6,45.76,1731822.0
2012-08-28,46.44,46.68,45.64,46.56,1550672.0
2012-08-29,46.4,46.76,45.48,46.64,1289957.0
2012-08-30,47.72,48.16,47.12,47.68,1366245.0
2012-08-31,46.92,47.92,45.76,46.04,2733100.0
2012-09-04,46.2,47.08,45.64,45.68,1842996.0
2012-09-05,45.56,45.72,44.28,44.48,1812371.0
2012-09-06,43.56,43.56,39.8,39.8,3405800.0
2012-09-07,39.12,39.24,37.48,37.64,2839216.0
2012-09-10,38.12,39.8,36.96,39.72,2758264.0
2012-09-11,39.64,40.04,38.46,39.44,2539678.0
2012-09-12,38.6,39.6,38.04,38.24,1896734.0
2012-09-13,38.24,38.96,35.24,35.4,2639301.0
2012-09-14,34.84,36.92,34.2,36.72,2808813.0
2012-09-17,37.36,37.36,36.28,36.28,1862559.0
2012-09-18,36.56,36.96,35.3,35.32,1582478.0
2012-09-19,34.72,35.6,34.68,35.4,1818602.0
2012-09-20,35.76,36.28,35.02,35.08,2181778.0
2012-09-21,35.0,35.36,34.32,34.68,2414164.0
2012-09-24,35.2,35.34,34.0,34.28,2253601.0
2012-09-25,34.0,37.0,33.92,37.0,2852992.0
2012-09-26,37.64,39.12,37.08,38.28,3624240.0
2012-09-27,37.0,37.64,34.8,34.84,2444650.0
2012-09-28,35.64,36.28,34.84,36.04,2768375.0
2012-10-01,35.08,36.56,34.16,36.32,1905563.0
2012-10-02,35.8,36.84,35.52,35.52,1999413.0
2012-10-03,35.6,36.44,34.96,35.52,2122536.0
2012-10-04,35.08,35.4,34.6,34.6,2153873.0
2012-10-05,133.84,138.12,132.48,136.48,1784744.0
2012-10-08,138.2,139.36,136.68,138.08,721997.0
2012-10-09,138.2,144.64,137.6,143.8,883394.0
2012-10-10,142.56,145.48,141.32,142.2,1213056.0
2012-10-11,140.04,141.32,138.32,140.04,667178.0
2012-10-12,137.96,142.56,136.76,141.64,980211.0
2012-10-15,140.32,143.32,136.34,136.88,1148730.0
2012-10-16,134.24,135.44,132.92,133.52,1054304.0
2012-10-17,133.28,134.88,131.16,132.0,1035292.0
2012-10-18,132.8,133.64,129.92,131.52,1384919.0
2012-10-19,132.76,141.32,132.64,139.88,2153669.0
2012-10-22,139.4,143.72,138.08,138.2,1471862.0
2012-10-23,145.92,150.76,144.88,149.04,2591878.0
2012-10-24,146.68,150.92,146.4,150.0,1493911.0
2012-10-25,144.56,149.44,143.88,145.72,1470318.0
2012-10-26,145.76,149.4,143.28,145.2,1541373.0
2012-10-31,142.4,149.68,142.16,148.0,1079135.0
2012-11-01,146.8,147.12,135.96,135.96,1407261.0
2012-11-02,134.2,140.32,133.76,139.8,1565384.0
2012-11-05,141.4,145.8,140.72,142.36,1236219.0
2012-11-06,141.16,142.6,135.44,137.24,1294459.0
2012-11-07,140.36,149.64,139.32,147.84,3226653.0
2012-11-08,147.44,149.72,144.12,148.8,2383744.0
2012-11-09,150.2,150.56,144.08,148.72,1801731.0
2012-11-12,146.8,147.04,138.72,139.16,1224812.0
2012-11-13,142.32,143.24,135.72,139.52,1466525.0
2012-11-14,135.24,146.28,135.0,144.04,1791846.0
2012-11-15,143.96,149.96,141.28,145.28,2150536.0
2012-11-16,143.52,148.88,138.56,138.96,2494742.0
2012-11-19,133.88,133.88,126.68,126.8,1656645.0
2012-11-20,125.04,127.48,124.32,124.6,1229296.0
2012-11-21,124.32,126.6,122.0,125.36,5010750.0
2012-11-23,122.4,123.56,120.0,120.0,3247297.0
2012-11-26,122.24,122.88,118.8,118.96,6408590.0
2012-11-27,118.16,121.84,117.2,121.44,7029392.0
2012-11-28,123.48,125.96,117.64,117.76,9265209.0
2012-11-29,116.2,119.04,115.72,116.4,7136642.0
2012-11-30,115.36,119.6,115.32,118.48,6461357.0
2012-12-03,115.56,121.2,115.24,120.96,6478235.0
2012-12-04,121.56,124.6,119.96,122.68,7112817.0
2012-12-05,122.88,125.72,120.08,120.64,7733414.0
2012-12-06,120.72,123.2,120.28,122.16,4930900.0
2012-12-07,120.16,123.0,117.6,117.76,5980324.0
2012-12-10,118.96,120.44,118.12,119.52,3372368.0
2012-12-11,118.04,118.68,115.36,115.43,5631778.0
2012-12-12,114.92,118.64,114.32,118.29,5486726.0
2012-12-13,117.96,122.4,117.38,120.51,5728688.0
2012-12-14,121.04,122.88,120.4,121.33,4865792.0
2012-12-17,121.8,121.96,116.96,117.16,4786146.0
2012-12-18,115.32,115.84,111.76,112.61,6349568.0
2012-12-19,112.52,119.36,112.48,119.16,6646584.0
2012-12-20,118.84,122.84,118.04,121.84,6455071.0
2012-12-21,132.08,132.52,128.08,130.16,11011338.0
2012-12-24,128.04,129.68,127.48,127.84,2567153.0
2012-12-26,130.08,135.24,129.76,134.96,5585563.0
2012-12-27,134.64,143.52,133.24,134.84,10738021.0
2012-12-28,139.28,142.68,135.68,141.72,9199820.0
2012-12-31,145.6,147.16,125.6,127.24,14731281.0
2013-01-02,114.68,118.16,112.12,112.2,9272790.0
2013-01-03,112.84,114.24,110.12,112.52,5986856.0
2013-01-04,112.2,112.76,109.6,110.2,6891865.0
2013-01-07,111.48,112.28,109.44,110.08,5772071.0
2013-01-08,109.32,111.28,108.36,108.72,6761085.0
2013-01-09,107.0,109.92,106.76,108.96,5460468.0
2013-01-10,106.8,108.48,106.01,106.28,7258743.0
2013-01-11,106.4,107.72,105.8,105.84,5928688.0
2013-01-14,105.64,106.52,103.64,104.12,5553823.0
2013-01-15,105.4,105.8,103.2,104.16,4822481.0
2013-01-16,103.28,103.88,100.88,101.96,6159170.0
2013-01-17,100.58,102.52,100.2,102.52,5893708.0
2013-01-18,101.44,102.12,95.52,95.92,11367005.0
2013-01-22,96.04,97.84,92.68,93.2,7490362.0
2013-01-23,93.12,93.48,90.16,90.68,8021434.0
2013-01-24,91.24,96.4,89.8,91.2,12587470.0
2013-01-25,91.44,93.6,90.32,91.8,9350276.0
2013-01-28,91.56,95.44,91.56,94.28,7225230.0
2013-01-29,95.68,96.32,90.72,91.44,9114721.0
2013-01-30,93.56,97.32,92.44,97.08,10191429.0
2013-01-31,97.8,98.43,95.28,97.36,7375889.0
2013-02-01,93.56,93.68,91.24,92.36,10434550.0
2013-02-04,95.2,98.8,94.12,98.72,10842392.0
2013-02-05,96.6,97.0,92.88,94.68,7720363.0
2013-02-06,96.52,96.92,94.0,94.2,9784200.0
2013-02-07,92.96,97.6,92.68,93.84,12805296.0
2013-02-08,93.24,93.32,91.64,91.96,8224043.0
2013-02-11,91.64,92.48,90.0,90.4,7706532.0
2013-02-12,90.28,90.96,88.68,89.48,7171014.0
2013-02-13,89.28,91.52,88.36,89.96,8111899.0
2013-02-14,90.56,91.12,88.12,88.64,6964859.0
2013-02-15,87.76,89.88,87.36,87.86,9499208.0
2013-02-19,87.16,87.28,83.88,84.08,10116596.0
2013-02-20,84.4,91.76,84.28,91.32,14205423.0
2013-02-21,91.4,96.32,91.32,93.08,17620064.0
2013-02-22,90.84,92.71,89.8,89.92,9851360.0
2013-02-25,86.84,103.2,85.68,102.24,24935214.0
2013-02-26,101.12,107.24,98.08,99.72,28619325.0
2013-02-27,100.44,101.48,91.4,93.08,17712993.0
2013-02-28,92.72,95.88,91.24,95.88,14169786.0
2013-03-01,100.16,102.48,95.64,97.31,19646144.0
2013-03-04,98.6,99.16,92.0,92.24,12925927.0
2013-03-05,89.16,90.16,88.52,89.12,12706611.0
2013-03-06,88.12,91.2,87.92,89.56,11242237.0
2013-03-07,89.2,89.96,87.64,87.71,9011295.0
2013-03-08,86.2,89.08,85.96,86.52,12638846.0
2013-03-11,86.4,86.76,82.8,82.92,11243226.0
2013-03-12,83.08,86.8,82.52,84.2,15696203.0
2013-03-13,83.88,85.68,83.08,83.72,10885034.0
2013-03-14,82.64,83.6,81.8,82.12,11404141.0
2013-03-15,82.48,83.96,81.64,82.04,10710310.0
2013-03-18,87.32,87.56,82.8,86.31,18712596.0
2013-03-19,84.48,90.96,84.08,86.32,26376268.0
2013-03-20,83.4,84.32,81.2,81.77,15552470.0
2013-03-21,83.92,85.28,81.88,84.08,16507695.0
2013-03-22,82.72,85.12,82.28,83.8,10727798.0
2013-03-25,81.76,85.24,80.6,82.72,17433014.0
2013-03-26,81.36,82.4,80.2,80.56,10515845.0
2013-03-27,82.48,83.2,80.72,81.36,11531066.0
2013-03-28,81.04,81.76,80.72,81.0,7263588.0
2013-04-01,80.64,82.24,80.32,81.28,9294201.0
2013-04-02,80.0,80.32,78.64,78.76,9745242.0
2013-04-03,78.6,82.32,78.24,81.56,14500420.0
2013-04-04,81.36,83.52,80.12,80.12,13246342.0
2013-04-05,84.76,85.08,80.36,80.45,15126075.0
2013-04-08,79.92,80.96,78.12,78.2,10881576.0
2013-04-09,77.52,78.88,76.36,77.16,10750786.0
2013-04-10,76.24,76.56,74.92,75.16,11181236.0
2013-04-11,74.8,75.4,73.48,74.8,9592536.0
2013-04-12,75.72,76.51,73.24,73.4,10380550.0
2013-04-15,73.96,84.88,72.92,82.08,30286680.0
2013-04-16,78.52,79.92,75.44,75.6,17353732.0
2013-04-17,78.52,87.08,78.44,84.28,31861664.0
2013-04-18,84.2,90.16,84.04,88.16,25761196.0
2013-04-19,86.84,87.36,81.08,81.76,16382857.0
2013-04-22,82.24,84.16,79.04,79.96,14356848.0
2013-04-23,77.44,82.96,75.6,75.92,14934330.0
2013-04-24,76.12,76.96,75.08,76.16,9180228.0
2013-04-25,75.4,77.6,75.12,77.0,9835535.0
2013-04-26,77.88,78.8,76.68,76.96,10153922.0
2013-04-29,75.76,77.16,75.2,76.61,7306358.0
2013-04-30,76.52,77.84,75.56,75.88,8838358.0
2013-05-01,76.52,79.16,76.28,79.08,13294384.0
2013-05-02,77.8,78.0,76.04,76.44,9790819.0
2013-05-03,74.68,76.1,74.32,74.75,8616791.0
2013-05-06,74.64,74.8,73.04,73.52,6526964.0
2013-05-07,72.44,73.84,72.08,72.76,7939484.0
2013-05-08,73.48,74.72,72.88,73.24,6790123.0
2013-05-09,73.92,76.12,73.56,74.57,11832392.0
2013-05-10,75.08,75.92,73.8,73.84,10263538.0
2013-05-13,73.92,74.62,73.24,73.52,6864324.0
2013-05-14,73.04,73.8,72.52,72.8,8276123.0
2013-05-15,73.6,74.2,72.76,73.4,8778105.0
2013-05-16,73.96,74.88,73.08,74.04,9342318.0
2013-05-17,73.72,73.88,71.88,72.12,10786410.0
2013-05-20,73.04,73.2,72.0,73.08,6849119.0
2013-05-21,72.68,74.2,72.44,73.72,8383072.0
2013-05-22,73.12,75.8,72.6,74.52,17086241.0
2013-05-23,78.12,78.28,74.6,75.12,15672141.0
2013-05-24,76.04,76.56,74.8,74.92,8987252.0
2013-05-28,72.84,74.16,72.4,73.08,9487654.0
2013-05-29,74.32,75.8,73.56,74.19,11300296.0
2013-05-30,74.36,75.2,73.4,74.15,8521702.0
2013-05-31,74.92,76.72,73.92,76.57,13214728.0
2013-06-03,76.48,80.6,76.32,76.44,16234814.0
2013-06-04,76.92,79.76,76.28,77.36,12880671.0
2013-06-05,78.84,81.12,78.08,80.64,18702628.0
2013-06-06,81.4,85.12,79.68,79.76,19751722.0
2013-06-07,77.48,78.68,75.88,76.16,15730386.0
2013-06-10,75.12,76.52,74.88,75.12,10425578.0
2013-06-11,78.36,80.71,76.88,80.08,15645589.0
2013-06-12,78.4,85.8,78.2,84.8,21663828.0
2013-06-13,84.88,86.0,80.32,80.88,18352314.0
2013-06-14,81.08,83.4,79.28,83.16,17342628.0
2013-06-17,81.12,83.08,80.56,81.52,12282174.0
2013-06-18,81.08,81.52,80.2,80.32,9851079.0
2013-06-19,80.96,81.56,76.6,80.23,21693478.0
2013-06-20,83.64,92.12,83.2,89.64,34150790.0
2013-06-21,86.6,91.28,85.56,86.24,28946902.0
2013-06-24,90.72,92.56,88.52,91.24,24743458.0
2013-06-25,88.52,90.6,88.04,88.66,16365389.0
2013-06-26,86.52,88.48,86.4,86.72,12983466.0
2013-06-27,84.56,85.32,83.12,83.24,11356314.0
2013-06-28,84.84,85.52,81.4,82.84,13251280.0
2013-07-01,81.56,81.76,78.76,80.24,11022914.0
2013-07-02,81.08,82.56,79.2,81.2,11755618.0
2013-07-03,82.24,82.6,80.0,80.48,6781790.0
2013-07-05,78.44,79.6,76.24,76.24,11241776.0
2013-07-08,74.24,74.56,72.44,72.84,13529810.0
2013-07-09,70.96,71.92,70.52,71.36,11408925.0
2013-07-10,71.28,71.6,70.16,70.64,10521586.0
2013-07-11,68.32,69.52,68.0,68.72,9031448.0
2013-07-12,68.68,69.84,68.32,69.4,7462987.0
2013-07-15,68.68,69.24,67.4,67.88,6937142.0
2013-07-16,67.72,70.4,67.56,69.64,10048247.0
2013-07-17,68.72,69.36,67.16,67.24,10110716.0
2013-07-18,66.72,66.96,65.28,66.12,9179268.0
2013-07-19,66.6,67.4,64.32,64.68,8858369.0
2013-07-22,64.28,65.0,63.08,63.32,8451192.0
2013-07-23,62.72,64.08,62.2,63.0,9175904.0
2013-07-24,62.52,64.48,62.44,63.84,9154654.0
2013-07-25,64.48,64.6,62.04,62.24,7541052.0
2013-07-26,62.92,64.04,61.8,62.04,7362460.0
2013-07-29,62.64,63.44,62.08,62.84,6026967.0
2013-07-30,62.6,63.16,61.48,61.6,6855588.0
2013-07-31,61.52,61.56,58.93,60.26,11010199.0
2013-08-01,58.72,59.04,58.16,58.4,8386121.0
2013-08-02,58.48,58.52,56.84,57.0,8671080.0
2013-08-05,56.76,57.08,56.04,56.2,5404046.0
2013-08-06,56.56,58.36,56.36,57.92,8564928.0
2013-08-07,58.8,60.08,58.12,58.55,9057614.0
2013-08-08,57.44,58.8,57.2,57.64,5848994.0
2013-08-09,57.68,58.96,57.12,58.4,7083482.0
2013-08-12,59.68,59.72,57.84,58.07,5729776.0
2013-08-13,57.52,58.84,57.16,57.56,7512088.0
2013-08-14,57.16,58.16,56.88,57.96,6107094.0
2013-08-15,60.0,61.2,59.72,61.04,13129510.0
2013-08-16,61.0,61.14,59.0,59.88,12286201.0
2013-08-19,60.2,61.8,59.84,61.56,8356678.0
2013-08-20,61.8,62.16,59.32,60.84,10029841.0
2013-08-21,61.88,63.16,59.6,61.96,18113212.0
2013-08-22,61.2,61.32,60.08,60.48,9104103.0
2013-08-23,59.92,60.48,59.2,59.2,5725858.0
2013-08-26,58.68,61.4,58.24,61.16,8762667.0
2013-08-27,64.0,66.48,63.08,66.12,18778238.0
2013-08-28,66.6,67.44,64.88,65.92,14843767.0
2013-08-29,66.92,67.44,65.36,67.44,12909424.0
2013-08-30,66.84,69.36,66.8,68.16,15973999.0
2013-09-03,65.12,67.0,64.84,65.64,13823390.0
2013-09-04,65.64,66.08,64.94,65.36,9062354.0
2013-09-05,65.28,65.52,63.76,64.04,7135517.0
2013-09-06,63.04,66.28,62.88,64.48,14506190.0
2013-09-09,63.76,64.16,61.7,62.08,7892658.0
2013-09-10,60.28,60.72,59.76,59.78,15284312.0
2013-09-11,60.08,60.32,57.64,57.88,8593326.0
2013-09-12,57.72,58.96,56.88,58.8,9701101.0
2013-09-13,57.72,59.04,57.44,57.92,7823788.0
2013-09-16,56.52,57.76,56.4,57.32,9288675.0
2013-09-17,57.16,57.2,56.48,56.72,8708709.0
2013-09-18,57.0,57.76,53.96,54.6,19422787.0
2013-09-19,53.88,54.96,53.68,54.32,10151608.0
2013-09-20,54.4,55.4,53.8,55.36,13524848.0
2013-09-23,55.2,57.12,55.0,56.06,9078850.0
2013-09-24,55.72,56.36,54.76,55.76,10309984.0
2013-09-25,55.6,56.36,54.96,55.56,8405108.0
2013-09-26,54.76,55.42,54.36,54.48,6820783.0
2013-09-27,55.4,57.28,55.28,56.8,10427265.0
2013-09-30,59.32,59.56,57.32,58.8,13703012.0
2013-10-01,58.84,59.04,56.72,56.72,10290566.0
2013-10-02,57.92,59.08,57.24,58.52,10335138.0
2013-10-03,59.0,63.4,58.72,60.68,21676287.0
2013-10-04,61.44,62.2,59.84,60.24,11992713.0
2013-10-07,62.68,64.96,61.96,64.84,14204051.0
2013-10-08,64.84,68.72,64.52,67.84,25392688.0
2013-10-09,67.8,69.64,64.56,65.48,24940277.0
2013-10-10,63.04,63.08,59.0,59.08,22553683.0
2013-10-11,59.2,59.4,57.08,58.12,15506536.0
2013-10-14,60.28,61.36,57.88,58.72,19520138.0
2013-10-15,59.2,62.64,58.08,62.24,21336817.0
2013-10-16,59.32,60.12,55.08,55.08,20979628.0
2013-10-17,55.8,55.84,52.0,52.04,13721930.0
2013-10-18,51.2,52.49,50.44,51.42,19189425.0
2013-10-21,50.32,52.24,50.28,51.84,12528331.0
2013-10-22,50.72,52.32,50.6,52.0,12064152.0
2013-10-23,52.6,53.92,52.2,52.3,14776772.0
2013-10-24,51.96,52.36,51.2,51.52,7947534.0
2013-10-25,51.44,52.2,51.32,51.36,7957302.0
2013-10-28,51.6,52.2,51.36,51.64,6708673.0
2013-10-29,51.48,52.02,51.16,51.32,7266362.0
2013-10-30,51.32,52.72,51.2,51.8,11632759.0
2013-10-31,51.88,52.24,50.84,51.7,9261929.0
2013-11-01,51.24,51.96,49.52,51.32,9617100.0
2013-11-04,50.92,51.24,49.96,50.0,8902148.0
2013-11-05,50.36,50.72,49.68,49.88,9148512.0
2013-11-06,49.32,50.04,49.04,49.06,9072047.0
2013-11-07,48.84,51.08,48.8,50.8,13309918.0
2013-11-08,50.15,50.32,48.59,48.62,22268225.0
2013-11-11,48.69,48.97,48.45,48.52,13054979.0
2013-11-12,48.57,48.88,48.13,48.34,18092144.0
2013-11-13,49.04,49.12,48.04,48.15,15225206.0
2013-11-14,48.09,48.28,47.54,47.64,15194333.0
2013-11-15,47.33,47.42,47.0,47.03,14572444.0
2013-11-18,46.32,47.27,45.87,47.03,20647590.0
2013-11-19,46.81,48.17,46.57,47.61,24014737.0
2013-11-20,48.08,48.19,45.9,46.65,43625257.0
2013-11-21,46.13,46.21,44.73,45.12,35573407.0
2013-11-22,44.85,45.09,44.42,44.45,20169688.0
2013-11-25,43.99,44.81,43.98,44.59,15644658.0
2013-11-26,44.56,44.96,44.26,44.84,17998863.0
2013-11-27,44.6,45.03,44.55,44.84,13346789.0
2013-11-29,44.69,45.46,44.65,45.39,9507565.0
2013-12-02,45.22,46.12,45.21,45.8,16711634.0
2013-12-03,46.67,48.09,46.25,46.85,29453367.0
2013-12-04,47.87,48.53,46.37,46.49,32250453.0
2013-12-05,46.14,47.24,46.05,46.71,20225249.0
2013-12-06,45.71,45.83,44.81,45.13,28294586.0
2013-12-09,44.75,45.17,44.51,44.76,22048693.0
2013-12-10,45.05,45.24,44.7,45.0,22613659.0
2013-12-11,44.83,47.3,44.79,47.11,29362021.0
2013-12-12,46.9,48.26,46.54,47.31,30512757.0
2013-12-13,47.23,47.79,46.98,47.39,21337804.0
2013-12-16,46.88,47.73,46.67,47.45,19713552.0
2013-12-17,48.05,48.67,46.89,47.25,29271445.0
2013-12-18,46.79,47.57,43.83,43.88,45943155.0
2013-12-19,44.23,44.56,43.78,44.33,24996033.0
2013-12-20,44.03,44.73,43.69,44.62,26684482.0
2013-12-23,44.05,44.22,42.91,43.04,17864321.0
2013-12-24,42.38,42.68,42.02,42.16,13766933.0
2013-12-26,41.25,41.5,41.16,41.46,19327255.0
2013-12-27,41.28,42.27,41.2,42.0,22561583.0
2013-12-30,42.16,42.84,41.92,42.57,14145251.0
2013-12-31,42.11,43.27,42.07,42.55,22204273.0
2014-01-02,43.22,43.75,43.08,43.44,30746822.0
2014-01-03,43.12,43.65,42.59,43.16,19003027.0
2014-01-06,42.48,43.1,42.14,42.73,26555779.0
2014-01-07,42.23,42.3,41.56,41.72,19856624.0
2014-01-08,41.89,42.12,41.5,41.77,16155604.0
2014-01-09,41.67,42.1,41.5,41.83,16440059.0
2014-01-10,41.5,42.28,40.76,40.84,23814966.0
2014-01-13,40.99,43.0,40.27,42.31,41825739.0
2014-01-14,41.84,41.85,40.54,40.62,47309315.0
2014-01-15,40.55,41.29,40.0,40.81,20098393.0
2014-01-16,40.9,41.49,40.76,40.98,14921335.0
2014-01-17,41.15,41.35,40.57,41.13,22527432.0
2014-01-21,40.72,41.35,40.53,40.58,19843348.0
2014-01-22,40.15,40.4,39.85,39.97,18996183.0
2014-01-23,40.45,42.03,40.37,41.09,35534844.0
2014-01-24,42.22,45.47,42.1,44.69,65124920.0
2014-01-27,44.65,48.4,43.82,45.39,76654343.0
2014-01-28,45.43,45.68,43.08,43.55,38737400.0
2014-01-29,45.72,47.17,44.39,46.45,75826415.0
2014-01-30,45.03,46.22,44.4,45.66,39708230.0
2014-01-31,50.1,50.16,47.48,49.51,70763482.0
2014-02-03,50.02,53.52,49.31,53.02,79117580.0
2014-02-04,52.13,53.01,51.12,51.83,53094895.0
2014-02-05,52.93,55.22,52.44,53.87,49782818.0
2014-02-06,53.19,53.21,48.34,48.51,47074622.0
2014-02-07,47.2,47.4,44.56,45.46,40568627.0
2014-02-10,45.34,45.99,44.65,45.53,31757822.0
2014-02-11,44.77,45.19,43.33,43.81,40870569.0
2014-02-12,43.2,44.1,42.83,42.9,36213183.0
2014-02-13,44.2,44.21,42.54,42.59,32106366.0
2014-02-14,42.48,42.74,41.58,41.95,27684460.0
2014-02-18,41.59,42.55,41.33,41.43,27716233.0
2014-02-19,41.92,44.47,41.5,44.17,50333746.0
2014-02-20,43.72,44.55,42.37,42.54,43547186.0
2014-02-21,42.07,43.22,41.75,43.01,36172763.0
2014-02-24,42.8,42.93,42.0,42.7,26985640.0
2014-02-25,42.58,43.57,42.2,42.69,29896638.0
2014-02-26,42.6,43.89,42.34,43.2,32506762.0
2014-02-27,43.92,44.13,42.91,43.1,23888131.0
2014-02-28,43.14,44.68,42.34,43.87,38442582.0
2014-03-03,46.45,47.36,45.19,46.28,52499683.0
2014-03-04,43.72,43.9,43.08,43.24,39600199.0
2014-03-05,43.22,43.88,42.88,43.2,22121546.0
2014-03-06,43.04,43.57,42.75,42.97,22471560.0
2014-03-07,42.66,44.34,42.6,43.9,34919993.0
2014-03-10,44.24,45.15,43.58,43.72,28161612.0
2014-03-11,43.63,44.61,43.07,44.33,32411179.0
2014-03-12,45.24,45.57,44.07,44.31,32366969.0
2014-03-13,43.7,46.77,43.62,46.1,61187160.0
2014-03-14,47.02,48.17,46.14,47.4,57267217.0
2014-03-17,46.03,46.08,44.93,45.18,34867727.0
2014-03-18,44.12,44.41,43.31,43.4,36682241.0
2014-03-19,43.5,45.75,42.99,44.25,45183990.0
2014-03-20,44.52,44.84,43.74,43.98,26003801.0
2014-03-21,43.38,44.49,43.25,44.28,33150212.0
2014-03-24,44.11,45.48,43.86,44.37,34374317.0
2014-03-25,43.8,44.59,43.67,43.81,31319970.0
2014-03-26,43.36,44.61,43.3,44.61,36602218.0
2014-03-27,44.53,45.05,44.0,44.07,43216262.0
2014-03-28,43.68,44.16,43.31,43.55,33453020.0
2014-03-31,43.12,43.15,42.11,42.15,28319424.0
2014-04-01,42.03,42.06,40.73,40.74,28007517.0
2014-04-02,40.83,41.44,40.72,41.04,20712791.0
2014-04-03,41.02,41.54,40.93,40.99,20945447.0
2014-04-04,40.29,42.36,40.25,41.84,48669689.0
2014-04-07,42.25,43.41,41.94,42.8,42321644.0
2014-04-08,42.61,43.36,42.0,42.02,32578690.0
2014-04-09,41.52,42.07,40.9,40.98,24289237.0
2014-04-10,41.04,43.6,40.96,43.44,47675374.0
2014-04-11,43.97,45.36,43.33,44.75,56314149.0
2014-04-14,43.95,45.87,43.76,44.38,42752167.0
2014-04-15,44.12,46.35,43.61,43.92,56698221.0
2014-04-16,43.04,43.71,42.28,42.35,37020133.0
2014-04-17,42.49,42.72,41.62,41.71,31577825.0
2014-04-21,41.67,41.73,40.85,40.94,21672767.0
2014-04-22,41.03,41.22,40.57,40.89,23067014.0
2014-04-23,40.99,41.29,40.82,41.0,20440528.0
2014-04-24,40.77,41.77,40.72,41.55,29597517.0
2014-04-25,41.82,42.6,41.71,41.83,30811160.0
2014-04-28,41.5,42.31,40.86,40.95,38606459.0
2014-04-29,40.72,40.91,40.15,40.2,25873419.0
2014-04-30,40.39,40.6,39.96,40.25,28752186.0
2014-05-01,40.35,40.49,39.86,40.21,21284533.0
2014-05-02,39.93,40.46,39.73,40.0,25606018.0
2014-05-05,40.61,40.85,39.55,39.56,22192042.0
2014-05-06,39.75,40.0,39.31,39.82,26124293.0
2014-05-07,39.68,40.35,39.01,39.05,27991301.0
2014-05-08,38.99,39.37,38.23,39.12,30755246.0
2014-05-09,38.97,39.5,38.24,38.27,22686398.0
2014-05-12,37.81,37.94,37.02,37.13,23216337.0
2014-05-13,37.04,37.28,36.82,37.24,20685445.0
2014-05-14,37.31,37.52,36.67,37.03,23706137.0
2014-05-15,37.25,38.27,37.1,37.42,43368540.0
2014-05-16,37.12,37.56,36.54,36.55,27250041.0
2014-05-19,36.71,36.78,36.06,36.11,17113281.0
2014-05-20,36.0,36.52,35.57,35.79,33585520.0
2014-05-21,35.47,35.58,35.08,35.22,28449630.0
2014-05-22,35.26,35.44,34.91,35.24,15781776.0
2014-05-23,35.22,35.23,34.82,34.95,15105995.0
2014-05-27,34.3,34.45,33.82,33.87,19471277.0
2014-05-28,33.85,34.29,33.65,33.78,20281262.0
2014-05-29,33.58,33.87,33.41,33.64,19102266.0
2014-05-30,33.64,33.79,33.52,33.52,16743286.0
2014-06-02,33.56,33.9,33.32,33.38,12900988.0
2014-06-03,33.58,33.75,33.35,33.5,13326454.0
2014-06-04,33.65,33.74,32.93,33.15,20079592.0
2014-06-05,32.75,33.02,31.82,31.95,35279281.0
2014-06-06,31.16,31.21,30.31,30.35,36226743.0
2014-06-09,30.18,30.83,29.9,30.74,26160679.0
2014-06-10,30.89,31.07,30.17,30.21,16574429.0
2014-06-11,30.75,31.31,30.51,30.89,22259812.0
2014-06-12,31.08,32.92,30.95,32.37,34670283.0
2014-06-13,32.11,32.67,31.48,31.82,31265405.0
2014-06-16,31.96,32.33,31.41,31.77,20888107.0
2014-06-17,31.65,31.83,30.59,30.67,26772171.0
2014-06-18,30.56,30.61,28.97,29.02,36326017.0
2014-06-19,28.82,29.4,28.59,29.17,29023465.0
2014-06-20,29.06,29.58,28.83,29.56,23360801.0
2014-06-23,29.4,29.72,28.74,28.83,22965060.0
2014-06-24,29.1,30.13,28.67,29.86,34955651.0
2014-06-25,30.4,30.41,28.73,28.75,32769374.0
2014-06-26,28.7,29.86,28.7,29.11,32322208.0
2014-06-27,29.41,29.49,28.8,28.86,25747289.0
2014-06-30,28.8,28.93,28.25,28.6,21200955.0
2014-07-01,28.29,28.44,27.54,27.84,30497858.0
2014-07-02,27.76,27.79,27.27,27.55,21335525.0
2014-07-03,27.06,27.27,26.95,27.17,18163770.0
2014-07-07,27.37,27.82,27.31,27.77,21794770.0
2014-07-08,27.91,28.79,27.91,28.19,33602433.0
2014-07-09,27.8,28.0,27.45,27.65,32507185.0
2014-07-10,29.14,29.2,28.17,28.58,34857225.0
2014-07-11,28.55,28.78,28.19,28.3,21685670.0
2014-07-14,27.64,27.66,27.2,27.48,19191615.0
2014-07-15,27.23,28.44,27.16,27.95,31653295.0
2014-07-16,27.12,27.77,27.02,27.27,34509902.0
2014-07-17,27.63,30.54,27.25,29.93,77986542.0
2014-07-18,28.73,28.95,27.64,27.89,44347311.0
2014-07-21,28.15,29.12,28.05,28.51,35314582.0
2014-07-22,27.82,28.16,27.57,27.94,22163890.0
2014-07-23,27.76,28.33,27.71,28.18,25917442.0
2014-07-24,27.94,28.44,27.91,27.99,20451114.0
2014-07-25,28.48,28.98,28.41,28.83,25753702.0
2014-07-28,28.68,29.46,28.51,28.65,26271943.0
2014-07-29,28.51,28.87,28.13,28.62,29133881.0
2014-07-30,28.29,29.2,28.26,29.08,36724519.0
2014-07-31,30.0,31.9,29.86,31.54,69188860.0
2014-08-01,31.77,33.73,30.6,33.01,85655961.0
2014-08-04,32.75,33.17,30.82,31.54,53349201.0
2014-08-05,32.18,34.28,31.82,33.79,78470025.0
2014-08-06,34.39,34.47,32.55,33.91,57881594.0
2014-08-07,33.03,35.25,32.79,34.62,70593274.0
2014-08-08,34.62,35.12,33.11,33.21,56798784.0
2014-08-11,32.55,32.71,31.02,31.85,36880616.0
2014-08-12,31.74,32.06,31.16,31.65,37551797.0
2014-08-13,30.87,31.08,29.71,29.89,38918398.0
2014-08-14,29.45,29.59,28.79,28.88,29863074.0
2014-08-15,28.26,30.49,28.11,28.88,73302793.0
2014-08-18,27.99,28.18,27.8,27.8,33304735.0
2014-08-19,27.45,27.71,27.38,27.5,25085780.0
2014-08-20,27.92,28.29,27.6,27.71,40029670.0
2014-08-21,27.77,28.15,27.69,27.81,28257388.0
2014-08-22,27.74,28.29,27.53,27.7,38135706.0
2014-08-25,27.36,27.64,27.24,27.4,21483783.0
2014-08-26,27.43,27.76,27.35,27.63,18931499.0
2014-08-27,27.72,28.09,27.59,27.83,18568551.0
2014-08-28,28.66,28.73,28.03,28.27,24425511.0
2014-08-29,27.98,28.42,27.9,28.11,23052146.0
2014-09-02,28.06,28.53,27.97,28.28,20376293.0
2014-09-03,27.82,28.3,27.82,27.95,22544844.0
2014-09-04,27.76,28.34,27.38,28.01,27366743.0
2014-09-05,27.87,28.34,27.38,27.45,30811524.0
2014-09-08,27.53,27.85,27.39,27.51,20441760.0
2014-09-09,27.67,28.43,27.64,28.23,29324105.0
2014-09-10,28.29,28.84,27.92,28.07,28203629.0
2014-09-11,28.57,28.7,27.95,28.0,23348560.0
2014-09-12,28.09,29.08,28.02,28.62,40965412.0
2014-09-15,28.74,29.53,28.74,29.36,35798086.0
2014-09-16,29.67,29.69,27.8,27.88,38196829.0
2014-09-17,27.75,28.0,27.04,27.63,52325612.0
2014-09-18,27.43,27.57,27.18,27.2,22883772.0
2014-09-19,26.94,27.61,26.81,27.23,35170457.0
2014-09-22,27.55,28.41,27.51,28.16,36932898.0
2014-09-23,28.89,29.24,28.35,29.23,41153709.0
2014-09-24,29.06,29.34,28.22,28.29,29488488.0
2014-09-25,28.54,30.8,28.53,30.32,69145924.0
2014-09-26,30.13,30.3,29.02,29.37,45005838.0
2014-09-29,30.96,31.31,30.05,30.81,45736790.0
2014-09-30,30.93,31.43,30.32,31.18,44138704.0
2014-10-01,31.17,32.67,31.12,31.89,71399425.0
2014-10-02,32.04,32.95,30.98,31.56,65801883.0
2014-10-03,30.49,30.68,29.31,29.62,44267600.0
2014-10-06,28.97,30.27,28.67,30.08,39296866.0
2014-10-07,30.84,32.3,30.75,32.27,52226379.0
2014-10-08,32.42,32.7,29.43,29.55,65966101.0
2014-10-09,29.92,32.33,29.72,32.21,86098951.0
2014-10-10,32.41,35.89,31.74,35.85,105625651.0
2014-10-13,35.24,39.66,34.64,39.56,106666891.0
2014-10-14,38.49,40.44,36.5,38.93,124255050.0
2014-10-15,41.58,44.25,39.18,39.41,156704390.0
2014-10-16,44.26,44.6,39.36,40.33,124342719.0
2014-10-17,37.53,39.42,36.9,38.58,94399698.0
2014-10-20,38.8,39.01,35.54,35.6,60314094.0
2014-10-21,34.28,34.56,32.78,32.99,56711236.0
2014-10-22,32.7,35.72,32.29,35.52,92956038.0
2014-10-23,33.35,34.07,32.54,33.48,72839578.0
2014-10-24,33.48,35.33,32.91,33.17,65856863.0
2014-10-27,33.67,34.29,32.51,32.67,44688439.0
2014-10-28,32.19,32.23,30.48,30.5,37392870.0
2014-10-29,30.59,31.95,30.42,31.02,66461344.0
2014-10-30,31.68,32.16,30.5,31.14,45749050.0
2014-10-31,30.14,30.83,30.1,30.32,32548693.0
2014-11-03,30.28,31.17,30.13,30.81,25532508.0
2014-11-04,31.06,31.91,30.53,30.62,32786454.0
2014-11-05,30.03,30.79,30.01,30.24,25787741.0
2014-11-06,30.02,30.59,29.32,29.45,29832707.0
2014-11-07,29.39,29.75,28.96,29.03,28614021.0
2014-11-10,28.87,28.96,27.7,27.89,29927026.0
2014-11-11,27.76,28.48,27.63,27.9,20729881.0
2014-11-12,28.59,28.64,27.96,28.28,24684444.0
2014-11-13,28.35,29.38,27.99,28.57,35939515.0
2014-11-14,28.73,29.26,28.55,28.66,25755284.0
2014-11-17,28.91,29.11,28.29,28.6,23006315.0
2014-11-18,28.41,28.43,27.73,28.1,25200029.0
2014-11-19,28.46,29.05,28.31,28.78,25839856.0
2014-11-20,29.29,29.37,28.33,28.48,23233776.0
2014-11-21,27.62,28.15,27.6,27.92,32259713.0
2014-11-24,27.64,27.8,27.28,27.31,20757870.0
2014-11-25,27.18,27.51,27.03,27.12,20163758.0
2014-11-26,27.14,27.19,26.59,26.7,16580486.0
2014-11-28,26.78,27.48,26.6,27.4,19726083.0
2014-12-01,27.94,28.81,27.84,28.57,37369102.0
2014-12-02,28.52,28.53,26.92,26.97,31197090.0
2014-12-03,26.62,26.83,26.4,26.52,22087474.0
2014-12-04,26.83,27.33,26.27,26.54,26070853.0
2014-12-05,26.11,26.32,25.64,26.1,28550010.0
2014-12-08,26.25,27.41,25.83,27.05,37139085.0
2014-12-09,28.51,29.0,27.21,27.44,47568371.0
2014-12-10,27.96,30.37,27.85,30.33,64093266.0
2014-12-11,29.92,32.19,28.65,32.14,77450142.0
2014-12-12,33.51,34.11,31.85,33.89,92828789.0
2014-12-15,32.29,34.37,31.44,33.05,97815640.0
2014-12-16,33.84,34.66,31.13,34.63,88995068.0
2014-12-17,35.08,35.13,31.0,31.09,86655065.0
2014-12-18,29.63,31.06,29.52,30.17,45672186.0
2014-12-19,30.05,30.51,29.48,29.9,51038800.0
2014-12-22,29.12,29.33,28.46,28.49,30572757.0
2014-12-23,28.3,29.12,28.29,28.51,24001411.0
2014-12-24,28.2,28.53,28.14,28.31,10725853.0
2014-12-26,28.29,28.73,28.1,28.59,21694072.0
2014-12-29,28.76,28.88,28.27,28.51,23343183.0
2014-12-30,28.93,29.36,28.55,29.2,24747981.0
2014-12-31,29.06,32.07,28.93,31.51,42961205.0
2015-01-02,30.47,32.82,30.11,30.99,61178080.0
2015-01-05,31.85,33.73,31.71,33.21,59529906.0
2015-01-06,33.04,35.2,32.61,33.95,77090770.0
2015-01-07,32.97,33.71,32.42,32.88,55472944.0
2015-01-08,31.64,31.75,30.63,30.77,43680700.0
2015-01-09,30.44,32.24,30.41,31.98,57566672.0
2015-01-12,32.26,34.32,32.11,33.49,47144714.0
2015-01-13,32.74,35.36,32.29,34.39,57516315.0
2015-01-14,36.08,36.43,34.94,35.12,66549913.0
2015-01-15,34.71,36.28,34.22,36.13,63259671.0
2015-01-16,36.22,36.95,35.01,35.47,57209607.0
2015-01-20,34.36,36.29,34.3,35.12,49516441.0
2015-01-21,35.53,35.98,33.38,33.45,57442482.0
2015-01-22,32.5,33.76,31.24,31.3,54666069.0
2015-01-23,31.72,32.24,30.83,32.1,44274589.0
2015-01-26,31.8,32.44,30.63,30.63,33320032.0
2015-01-27,32.2,32.52,31.06,32.0,51431841.0
2015-01-28,31.18,34.99,31.18,34.67,65328633.0
2015-01-29,34.67,35.9,33.28,33.5,66410287.0
2015-01-30,34.57,37.07,33.87,36.87,70807700.0
2015-02-02,35.66,37.35,34.86,34.9,70034445.0
2015-02-03,34.28,34.63,33.12,33.24,47643774.0
2015-02-04,33.66,34.36,32.7,34.15,54266728.0
2015-02-05,33.76,33.8,32.68,32.91,31813341.0
2015-02-06,32.51,35.03,32.29,34.3,52563492.0
2015-02-09,34.92,35.22,34.32,34.47,35251209.0
2015-02-10,33.66,34.32,32.97,33.15,34263815.0
2015-02-11,33.48,33.96,33.23,33.31,34470728.0
2015-02-12,32.56,32.72,31.2,31.35,39771781.0
2015-02-13,31.19,31.79,30.8,30.97,40043043.0
2015-02-17,31.22,31.49,30.79,31.05,25849424.0
2015-02-18,31.39,31.47,30.63,30.81,31090615.0
2015-02-19,31.11,31.16,30.05,30.12,30286209.0
2015-02-20,30.68,30.88,28.8,29.05,42922910.0
2015-02-23,29.32,29.53,29.01,29.14,25738588.0
2015-02-24,29.02,29.07,27.77,27.96,38814871.0
2015-02-25,27.98,28.4,26.83,28.1,46419521.0
2015-02-26,28.0,28.57,27.4,27.78,44805240.0
2015-02-27,27.73,27.99,27.18,27.62,39539541.0
2015-03-02,27.47,27.58,26.67,26.7,36624680.0
2015-03-03,26.95,27.98,26.83,27.28,45330816.0
2015-03-04,27.66,28.26,27.14,27.22,37953306.0
2015-03-05,27.0,27.43,26.82,26.88,31308858.0
2015-03-06,27.26,28.2,26.87,28.03,61346676.0
2015-03-09,27.86,28.07,27.39,27.66,43262842.0
2015-03-10,28.43,28.91,28.24,28.51,47857604.0
2015-03-11,28.59,29.44,28.51,29.23,40550954.0
2015-03-12,28.69,28.74,27.4,27.48,44704090.0
2015-03-13,27.58,28.83,27.44,28.1,55529616.0
2015-03-16,27.74,27.82,27.15,27.41,34533524.0
2015-03-17,27.82,28.02,27.2,27.3,34852678.0
2015-03-18,27.47,27.68,25.88,26.13,59280065.0
2015-03-19,26.5,26.81,26.04,26.13,37960957.0
2015-03-20,25.81,25.99,24.94,25.73,59607139.0
2015-03-23,25.52,25.56,24.96,25.24,32181912.0
2015-03-24,25.28,25.44,24.66,25.15,37679138.0
2015-03-25,25.03,26.3,24.88,26.27,53903645.0
2015-03-26,26.77,27.04,25.87,26.05,57864783.0
2015-03-27,26.03,26.12,25.62,25.74,30207564.0
2015-03-30,25.11,25.19,24.82,24.96,28700505.0
2015-03-31,25.06,26.98,24.5,25.63,21389758.0
2015-04-01,25.61,26.38,25.52,25.52,43230606.0
2015-04-02,25.38,25.52,24.97,25.06,33340531.0
2015-04-06,25.31,25.41,24.3,24.53,33291505.0
2015-04-07,24.35,24.47,24.07,24.45,29010745.0
2015-04-08,24.3,24.46,23.92,23.97,36733458.0
2015-04-09,23.87,24.14,23.12,23.14,36233110.0
2015-04-10,22.94,22.99,22.1,22.13,49145276.0
2015-04-13,21.82,22.9,21.61,22.66,52058599.0
2015-04-14,22.94,23.12,22.25,22.47,36952876.0
2015-04-15,22.14,22.2,21.73,21.98,35946205.0
2015-04-16,22.06,22.14,21.31,21.52,42888258.0
2015-04-17,22.22,22.86,22.11,22.29,67046433.0
2015-04-20,21.82,21.94,21.38,21.54,30696659.0
2015-04-21,21.27,21.78,21.19,21.53,27560291.0
2015-04-22,21.42,21.84,21.19,21.3,27597517.0
2015-04-23,21.41,21.52,20.9,21.1,26599093.0
2015-04-24,20.96,21.14,20.81,20.89,21226496.0
2015-04-27,20.69,21.64,20.62,21.45,38931608.0
2015-04-28,21.63,22.22,20.73,20.77,41961498.0
2015-04-29,21.22,21.62,20.84,21.24,48824669.0
2015-04-30,21.55,22.29,21.3,21.84,47120717.0
2015-05-01,21.54,21.57,20.77,20.81,39392191.0
2015-05-04,20.63,21.06,20.48,20.82,28969775.0
2015-05-05,20.91,21.53,20.77,21.47,45559667.0
2015-05-06,21.25,22.58,21.15,21.86,49924141.0
2015-05-07,21.96,22.27,21.5,21.7,36239219.0
2015-05-08,20.85,21.0,20.5,20.61,43233265.0
2015-05-11,20.62,21.15,20.57,21.12,29343686.0
2015-05-12,21.47,21.75,20.9,21.05,38932757.0
2015-05-13,20.85,21.08,20.63,20.67,34438642.0
2015-05-14,20.43,20.54,20.24,20.26,28303152.0
2015-05-15,20.17,20.48,20.05,20.06,31254471.0
2015-05-18,20.05,20.1,19.24,19.42,36580624.0
2015-05-19,19.3,19.56,18.98,19.14,36342000.0
2015-05-20,19.1,19.44,18.99,19.18,37463528.0
2015-05-21,19.28,19.37,18.53,18.65,33258366.0
2015-05-22,18.6,18.76,18.45,18.68,28857410.0
2015-05-26,18.88,19.58,18.81,19.39,53470271.0
2015-05-27,19.22,19.35,18.55,18.69,40249656.0
2015-05-28,18.9,19.16,18.77,18.88,36320088.0
2015-05-29,18.92,19.26,18.73,19.02,43897275.0
2015-06-01,18.78,19.12,18.62,18.84,37054229.0
2015-06-02,19.04,19.23,18.78,19.12,38925347.0
2015-06-03,18.95,19.09,18.73,18.79,35892558.0
2015-06-04,19.04,19.53,18.93,19.41,51439144.0
2015-06-05,19.45,19.62,19.03,19.1,39404070.0
2015-06-08,19.16,19.62,19.12,19.47,33798098.0
2015-06-09,19.55,19.73,19.15,19.25,38316055.0
2015-06-10,18.96,19.0,18.36,18.46,41596271.0
2015-06-11,18.21,18.3,17.92,18.02,37562027.0
2015-06-12,18.26,18.6,18.19,18.25,44470002.0
2015-06-15,18.7,19.06,18.62,19.02,56365855.0
2015-06-16,19.19,19.3,18.57,18.71,46102916.0
2015-06-17,18.59,19.06,18.42,18.63,45850453.0
2015-06-18,18.37,18.43,17.87,18.1,49058208.0
2015-06-19,18.08,18.35,18.02,18.23,39630523.0
2015-06-22,17.82,17.95,17.42,17.47,39741948.0
2015-06-23,17.35,17.38,16.98,17.01,36136038.0
2015-06-24,17.09,17.35,16.85,17.31,45420736.0
2015-06-25,17.18,17.57,17.02,17.46,42695189.0
2015-06-26,17.37,17.74,17.25,17.35,45485788.0
2015-06-29,18.44,20.5,18.16,20.31,126638539.0
2015-06-30,19.25,21.11,19.2,20.1,113770967.0
2015-07-01,19.09,19.76,18.73,18.77,67225191.0
2015-07-02,18.78,20.32,18.7,19.97,81602027.0
2015-07-06,20.91,21.1,20.01,20.48,72602437.0
2015-07-07,20.42,21.58,19.4,19.4,97767433.0
2015-07-08,20.22,21.39,20.01,21.35,91594795.0
2015-07-09,20.18,21.64,20.1,21.51,69907446.0
2015-07-10,20.39,21.03,19.77,19.86,64478458.0
2015-07-13,18.75,18.87,17.82,17.92,55534729.0
2015-07-14,17.94,18.04,17.39,17.76,37616301.0
2015-07-15,17.68,18.13,17.44,17.7,45222708.0
2015-07-16,17.12,17.17,16.5,16.53,60557978.0
2015-07-17,16.42,16.64,16.37,16.4,40722423.0
2015-07-20,16.37,16.48,15.99,16.33,39707060.0
2015-07-21,16.26,16.49,16.17,16.2,40436760.0
2015-07-22,16.63,16.65,15.97,16.12,46154232.0
2015-07-23,15.98,16.57,15.89,16.29,60262566.0
2015-07-24,16.35,17.09,16.18,16.84,59382329.0
2015-07-27,17.52,18.12,17.28,17.72,71040489.0
2015-07-28,17.22,17.67,16.28,16.49,65837999.0
2015-07-29,16.35,16.44,16.01,16.16,58266715.0
2015-07-30,16.22,16.57,15.98,16.05,41810820.0
2015-07-31,15.94,16.25,15.79,16.02,44065062.0
2015-08-03,15.97,16.44,15.74,15.78,52487182.0
2015-08-04,15.89,16.14,15.7,15.83,45733976.0
2015-08-05,15.79,15.95,15.48,15.74,40402822.0
2015-08-06,15.74,16.6,15.73,16.26,55471554.0
2015-08-07,16.24,16.61,16.03,16.13,48816967.0
2015-08-10,15.74,15.74,15.51,15.57,35908103.0
2015-08-11,16.13,16.56,15.91,16.22,61077734.0
2015-08-12,17.1,17.41,16.08,16.24,85460179.0
2015-08-13,16.07,16.4,15.79,16.04,48255689.0
2015-08-14,16.0,16.24,15.85,15.99,38036652.0
2015-08-17,16.16,16.34,15.76,15.81,40947947.0
2015-08-18,15.87,16.08,15.71,15.97,36812141.0
2015-08-19,16.2,16.69,15.81,16.26,87974287.0
2015-08-20,16.99,17.82,16.77,17.65,103894079.0
2015-08-21,18.62,20.73,18.07,20.71,208597814.0
2015-08-24,27.15,28.22,21.56,24.39,263889138.0
2015-08-25,21.82,26.64,21.72,26.51,127195710.0
2015-08-26,24.32,27.17,23.85,24.12,140798210.0
2015-08-27,23.12,26.2,23.06,24.67,92272176.0
2015-08-28,25.5,27.11,25.11,25.86,122081863.0
2015-08-31,26.19,27.06,25.88,26.83,74396612.0
2015-09-01,29.29,31.48,28.52,30.76,133975434.0
2015-09-02,29.01,30.17,27.46,27.48,101890455.0
2015-09-03,26.62,28.12,25.46,27.32,71371323.0
2015-09-04,28.62,29.98,27.97,29.33,94104732.0
2015-09-08,27.6,27.97,26.66,26.76,68500676.0
2015-09-09,25.31,27.56,25.26,27.35,89564767.0
2015-09-10,28.16,28.31,26.65,26.68,81632562.0
2015-09-11,26.77,27.24,26.02,26.04,55827023.0
2015-09-14,25.97,26.65,25.96,26.07,39715381.0
2015-09-15,25.69,25.88,23.42,23.5,64996591.0
2015-09-16,22.62,23.36,22.01,22.09,55649565.0
2015-09-17,21.98,22.5,20.04,21.97,126113762.0
2015-09-18,24.11,24.99,23.26,24.65,89839498.0
2015-09-21,23.92,24.21,22.96,23.05,74673735.0
2015-09-22,24.19,25.57,23.83,24.35,99989536.0
2015-09-23,24.38,24.71,23.58,23.81,61490895.0
2015-09-24,24.95,26.19,24.27,24.48,88020876.0
2015-09-25,23.47,25.68,23.45,25.09,83110068.0
2015-09-28,25.97,27.54,25.73,26.84,88567116.0
2015-09-29,26.53,27.54,25.87,26.89,83891779.0
2015-09-30,25.71,26.41,25.44,25.6,59758035.0
2015-10-01,25.68,26.5,25.32,25.34,60276860.0
2015-10-02,26.28,26.53,24.0,24.03,77461929.0
2015-10-05,23.53,23.6,22.5,22.65,50319672.0
2015-10-06,22.58,23.27,22.25,22.9,48076104.0
2015-10-07,22.6,23.14,22.28,22.34,52127230.0
2015-10-08,22.29,22.55,21.0,21.28,64448479.0
2015-10-09,21.2,21.92,20.97,21.27,49158299.0
2015-10-12,21.21,21.42,19.77,20.0,49577862.0
2015-10-13,20.41,21.12,19.69,21.0,62724971.0
2015-10-14,21.24,21.99,20.81,21.43,61100580.0
2015-10-15,21.01,21.19,19.79,19.92,60009684.0
2015-10-16,19.56,20.45,19.54,19.69,64525733.0
2015-10-19,19.75,19.82,18.27,18.32,66617951.0
2015-10-20,18.5,19.29,18.22,18.95,63870036.0
2015-10-21,18.76,20.39,18.53,20.29,80749708.0
2015-10-22,19.75,19.76,18.41,18.44,74369272.0
2015-10-23,18.0,19.01,17.96,18.63,71732742.0
2015-10-26,18.91,19.3,18.66,19.27,47927157.0
2015-10-27,19.52,19.53,18.8,18.88,52136975.0
2015-10-28,18.8,19.42,18.27,18.34,68556959.0
2015-10-29,18.61,18.93,18.38,18.58,44873163.0
2015-10-30,18.62,18.89,18.35,18.83,40514145.0
2015-11-02,18.8,18.88,17.72,17.86,43046342.0
2015-11-03,18.08,18.37,17.78,18.26,42059179.0
2015-11-04,18.12,19.02,18.05,18.82,58291716.0
2015-11-05,18.83,19.17,18.37,18.44,53925544.0
2015-11-06,18.45,18.9,18.04,18.04,54843959.0
2015-11-09,18.15,19.33,18.07,19.03,58901767.0
2015-11-10,19.25,19.33,18.36,18.49,43762825.0
2015-11-11,18.32,18.9,18.29,18.9,41250614.0
2015-11-12,19.4,20.61,19.16,20.56,69576115.0
2015-11-13,20.67,22.07,20.5,21.96,85462475.0
2015-11-16,21.89,22.06,19.7,19.75,68883558.0
2015-11-17,19.51,21.18,19.4,20.83,53322064.0
2015-11-18,20.42,20.46,19.41,19.45,66044486.0
2015-11-19,19.63,20.36,19.54,20.11,52693554.0
2015-11-20,19.49,19.63,19.19,19.43,49599642.0
2015-11-23,19.32,19.52,18.8,18.9,46249975.0
2015-11-24,19.44,19.67,18.8,19.03,52696529.0
2015-11-25,18.94,19.12,18.62,18.74,32864766.0
2015-11-27,18.67,18.96,18.64,18.91,20076127.0
2015-11-30,18.78,19.02,18.65,18.8,37401677.0
2015-12-01,18.55,18.73,17.96,17.98,41247831.0
2015-12-02,18.02,18.82,17.72,18.68,55532249.0
2015-12-03,18.34,20.48,18.25,20.02,95948166.0
2015-12-04,19.43,19.61,18.19,18.22,75078848.0
2015-12-07,18.23,19.28,18.23,18.65,58550529.0
2015-12-08,19.41,19.68,18.79,19.23,70733807.0
2015-12-09,19.48,20.59,18.75,19.99,83578928.0
2015-12-10,20.11,20.5,19.55,20.28,57419914.0
2015-12-11,21.34,23.73,21.11,23.32,131794195.0
2015-12-14,23.14,24.28,21.45,21.67,117935463.0
2015-12-15,20.89,21.6,20.45,20.76,75282806.0
2015-12-16,20.01,20.52,18.97,19.34,110303948.0
2015-12-17,19.21,20.38,19.2,20.16,84481199.0
2015-12-18,20.83,21.96,20.59,21.77,101637666.0
2015-12-21,20.96,21.78,20.73,20.76,58657267.0
2015-12-22,20.08,20.36,19.51,19.74,57766003.0
2015-12-23,19.25,19.71,19.11,19.27,51497113.0
2015-12-24,19.41,19.68,19.33,19.62,20236755.0
2015-12-28,19.96,20.36,19.36,19.39,37313789.0
2015-12-29,19.08,19.26,18.94,19.07,33410986.0
2015-12-30,19.29,19.7,19.24,19.62,30259340.0
2015-12-31,19.89,20.14,19.53,20.1,43650491.0
2016-01-04,21.66,22.34,21.25,21.34,85488174.0
2016-01-05,20.86,21.51,20.48,20.67,64412192.0
2016-01-06,22.04,22.06,21.24,21.29,67183882.0
2016-01-07,22.75,23.95,22.17,23.6,120150347.0
2016-01-08,22.75,25.16,22.49,24.83,107492814.0
2016-01-11,24.55,26.73,23.82,24.02,131042231.0
2016-01-12,23.05,24.46,22.82,22.91,92725197.0
2016-01-13,22.46,25.66,22.39,25.2,121680361.0
2016-01-14,24.97,26.15,23.63,24.29,111682120.0
2016-01-15,26.98,27.64,25.96,26.7,150552217.0
2016-01-19,25.69,27.95,25.68,26.71,103556815.0
2016-01-20,27.59,29.71,26.79,27.41,158053552.0
2016-01-21,27.08,28.48,26.32,27.29,146739856.0
2016-01-22,26.04,26.31,24.98,25.0,86431727.0
2016-01-25,25.32,26.37,24.92,26.24,76732987.0
2016-01-26,25.87,26.22,24.96,24.99,70530799.0
2016-01-27,25.3,26.38,24.3,26.02,91287849.0
2016-01-28,25.17,26.3,24.96,25.15,86345398.0
2016-01-29,24.97,25.08,24.04,24.12,76506493.0
2016-02-01,24.25,24.68,23.55,23.84,62055386.0
2016-02-02,24.59,25.63,24.55,25.4,72607684.0
2016-02-03,25.0,26.86,24.97,25.12,101483818.0
2016-02-04,25.43,25.74,24.76,25.36,83885959.0
2016-02-05,25.31,26.81,25.29,26.36,84978843.0
2016-02-08,27.37,28.75,27.1,27.62,105306502.0
2016-02-09,28.73,28.86,27.3,27.88,98402626.0
2016-02-10,27.33,28.13,26.84,28.07,88740283.0
2016-02-11,29.97,30.85,29.13,29.78,129704245.0
2016-02-12,28.92,29.6,28.47,28.56,64566357.0
2016-02-16,27.58,28.06,27.13,27.25,54578082.0
2016-02-17,26.58,26.87,26.03,26.18,50882740.0
2016-02-18,26.0,26.54,25.69,26.08,58725526.0
2016-02-19,26.56,26.78,25.36,25.42,65176247.0
2016-02-22,24.71,24.78,23.95,23.97,56582811.0
2016-02-23,24.3,25.29,24.12,25.18,58068759.0
2016-02-24,26.23,26.65,24.88,25.02,76597679.0
2016-02-25,24.82,25.31,24.13,24.16,52399901.0
2016-02-26,23.76,24.74,23.64,24.5,62488437.0
2016-02-29,24.4,24.92,23.72,24.88,49935753.0
2016-03-01,24.29,24.55,22.7,22.72,66256756.0
2016-03-02,22.79,23.15,22.3,22.32,58255980.0
2016-03-03,22.44,22.62,21.38,21.59,60841975.0
2016-03-04,21.25,22.08,21.13,21.86,76383689.0
2016-03-07,22.28,22.39,21.39,21.89,69280374.0
2016-03-08,22.34,22.79,22.03,22.73,70753460.0
2016-03-09,22.48,22.92,22.3,22.42,62046481.0
2016-03-10,22.07,23.08,21.36,22.02,107033542.0
2016-03-11,21.47,21.61,20.89,20.9,75551304.0
2016-03-14,21.04,21.22,20.46,20.58,48882511.0
2016-03-15,21.19,21.27,20.83,20.87,55280192.0
2016-03-16,21.13,21.15,19.92,20.09,82141476.0
2016-03-17,20.1,20.23,19.24,19.49,57130164.0
2016-03-18,19.23,19.73,19.0,19.35,68795361.0
2016-03-21,19.33,19.4,18.72,18.8,65990928.0
2016-03-22,19.04,19.1,18.4,18.55,57496331.0
2016-03-23,18.73,19.53,18.71,19.41,68718928.0
2016-03-24,20.09,20.25,19.28,19.3,81852048.0
2016-03-28,19.12,19.45,18.75,19.05,56476104.0
2016-03-29,19.1,19.26,17.91,17.95,69232078.0
2016-03-30,17.62,17.94,17.22,17.51,76763145.0
2016-03-31,17.66,17.89,17.27,17.62,67049543.0
2016-04-01,18.19,18.29,17.06,17.12,72955887.0
2016-04-04,17.09,17.64,17.0,17.57,54484330.0
2016-04-05,18.25,18.68,18.0,18.58,93480781.0
2016-04-06,18.51,18.65,17.34,17.38,73676133.0
2016-04-07,17.86,19.37,17.65,18.96,87516631.0
2016-04-08,18.27,18.87,17.97,18.46,77106583.0
2016-04-11,18.15,18.78,17.95,18.76,60647795.0
2016-04-12,18.74,19.19,17.94,18.12,69132519.0
2016-04-13,17.69,17.77,17.18,17.21,58518477.0
2016-04-14,17.17,17.48,16.92,17.15,52945033.0
2016-04-15,17.09,17.29,16.9,16.93,52761923.0
2016-04-18,17.13,17.14,15.82,15.87,61538015.0
2016-04-19,15.81,16.37,15.56,16.03,71072685.0
2016-04-20,15.8,16.21,15.66,16.11,61111234.0
2016-04-21,16.28,16.67,16.15,16.41,60910162.0
2016-04-22,16.52,16.64,15.94,16.0,57345185.0
2016-04-25,16.27,16.57,16.12,16.19,53597755.0
2016-04-26,16.0,16.11,15.73,15.86,43718164.0
2016-04-27,16.07,16.15,15.21,15.38,69083993.0
2016-04-28,15.67,16.4,15.1,16.28,75841707.0
2016-04-29,16.49,17.56,16.29,16.83,118486166.0
2016-05-02,16.48,16.66,15.62,15.8,69783727.0
2016-05-03,16.27,16.85,16.19,16.52,83459979.0
2016-05-04,16.93,17.1,16.6,16.73,69908710.0
2016-05-05,16.4,16.98,16.32,16.71,58157508.0
2016-05-06,16.77,16.79,15.9,15.97,66642929.0
2016-05-09,15.8,15.85,15.26,15.61,56744684.0
2016-05-10,15.2,15.23,14.81,14.84,50634159.0
2016-05-11,14.87,15.47,14.64,15.35,67751685.0
2016-05-12,15.16,15.78,14.89,15.15,80061765.0
2016-05-13,15.15,15.82,14.84,15.67,73241655.0
2016-05-16,15.58,15.59,14.76,14.98,60114151.0
2016-05-17,15.08,15.85,15.0,15.64,75659131.0
2016-05-18,15.65,15.93,15.07,15.58,98222942.0
2016-05-19,15.84,16.47,15.61,15.66,92535481.0
2016-05-20,15.33,15.36,15.04,15.1,64211379.0
2016-05-23,15.07,15.21,14.82,15.03,44845810.0
2016-05-24,14.8,14.82,14.22,14.38,61586879.0
2016-05-25,14.16,14.29,13.84,14.11,54464485.0
2016-05-26,14.09,14.14,13.9,13.96,43107142.0
2016-05-27,13.85,13.91,13.57,13.58,43830734.0
2016-05-31,13.39,13.97,13.33,13.57,60715648.0
2016-06-01,13.79,13.94,13.35,13.46,57965825.0
2016-06-02,13.61,13.76,13.09,13.09,54440518.0
2016-06-03,13.32,13.68,12.94,13.02,71591594.0
2016-06-06,12.95,13.19,12.79,12.86,59458207.0
2016-06-07,12.74,12.9,12.6,12.89,50490815.0
2016-06-08,12.86,13.1,12.76,12.96,49292045.0
