Date,Open,High,Low,Close,Volume
2009-11-11,104.0,108.0,100.2,101.76,338994.0
2009-11-12,102.2,102.36,98.88,99.36,919334.0
2009-11-13,100.0,102.0,98.6,101.72,457514.0
2009-11-16,104.0,107.24,104.0,106.0,830498.0
2009-11-17,105.48,107.72,104.2,107.72,744324.0
2009-11-18,109.08,110.64,107.0,108.2,915916.0
2009-11-19,107.32,108.07,103.08,107.68,868970.0
2009-11-20,105.92,107.28,104.6,107.04,560622.0
2009-11-23,111.6,113.28,109.44,110.4,776336.0
2009-11-24,110.88,111.92,107.6,108.88,688570.0
2009-11-25,111.56,113.56,110.6,113.2,670870.0
2009-11-26,,,,113.2,0.0
2009-11-27,105.8,110.68,103.52,108.36,753354.0
2009-11-30,107.96,109.88,107.0,108.9,616926.0
2009-12-01,112.56,115.64,112.0,114.48,758460.0
2009-12-02,116.56,118.76,116.04,117.31,676755.0
2009-12-03,116.4,116.66,113.4,114.04,768856.0
2009-12-04,111.52,111.92,105.68,108.56,1147150.0
2009-12-07,105.0,109.04,104.04,106.6,667737.0
2009-12-08,104.6,105.12,101.36,101.92,781604.0
2009-12-09,102.88,105.96,101.64,104.32,777455.0
2009-12-10,105.52,106.0,103.44,104.56,374436.0
2009-12-11,105.04,105.44,101.32,102.1,394593.0
2009-12-14,103.04,105.24,101.74,105.2,361446.0
2009-12-15,104.4,105.28,103.08,103.56,535757.0
2009-12-16,104.92,106.24,104.4,105.24,386558.0
2009-12-17,102.44,102.92,99.24,99.32,514027.0
2009-12-18,100.12,101.2,98.4,100.28,379342.0
2009-12-21,101.48,101.56,97.92,98.64,396296.0
2009-12-22,99.36,99.8,97.44,99.28,334052.0
2009-12-23,100.36,104.28,100.0,103.76,457953.0
2009-12-24,105.72,105.72,104.0,104.52,161447.0
2009-12-25,,,,104.52,0.0
2009-12-28,106.32,106.32,103.76,104.4,160360.0
2009-12-29,105.08,105.48,103.72,103.8,163331.0
2009-12-30,102.6,102.96,101.4,102.16,152342.0
2009-12-31,,,,102.96,0.0
2010-01-01,,,,102.96,0.0
2010-01-04,106.84,107.72,106.2,107.12,368511.0
2010-01-05,108.0,109.28,106.92,108.28,502752.0
2010-01-06,110.04,112.12,109.4,111.32,379892.0
2010-01-07,111.08,111.8,109.36,111.04,354802.0
2010-01-08,111.88,113.0,109.88,112.84,228401.0
2010-01-11,116.88,117.0,113.68,113.92,510957.0
2010-01-12,112.64,113.12,108.72,108.76,484316.0
2010-01-13,110.32,111.12,107.84,110.72,419275.0
2010-01-14,111.0,111.2,109.24,110.48,274880.0
2010-01-15,,,,109.04,0.0
2010-01-18,,,,109.04,0.0
2010-01-19,108.84,109.48,108.04,108.8,351021.0
2010-01-20,105.48,106.08,102.56,103.08,530298.0
2010-01-21,102.64,102.64,97.12,97.12,723711.0
2010-01-22,96.48,98.4,94.12,96.4,774664.0
2010-01-25,97.04,98.0,95.8,95.8,337536.0
2010-01-26,94.12,97.4,92.92,95.32,448954.0
2010-01-27,95.28,95.72,91.96,93.0,571424.0
2010-01-28,94.36,94.84,90.04,91.72,550285.0
2010-01-29,91.6,92.44,88.2,88.68,474836.0
2010-02-01,89.8,95.2,89.52,95.2,612428.0
2010-02-02,96.6,96.84,94.96,95.64,496239.0
2010-02-03,95.84,97.0,94.48,94.52,378488.0
2010-02-04,92.2,92.64,87.52,87.76,782731.0
2010-02-05,87.68,91.72,84.72,91.72,908604.0
2010-02-08,91.64,93.2,88.88,88.88,505811.0
2010-02-09,91.52,94.48,91.48,93.64,578039.0
2010-02-10,93.52,94.12,91.2,93.36,449549.0
2010-02-11,94.4,98.36,93.28,98.36,585018.0
2010-02-12,,,,97.24,0.0
2010-02-15,,,,97.24,0.0
2010-02-16,100.0,101.6,99.64,100.96,653169.0
2010-02-17,101.6,101.87,99.4,100.24,557728.0
2010-02-18,100.12,101.16,99.32,100.12,390485.0
2010-02-19,98.48,100.24,97.48,98.88,455804.0
2010-02-22,99.84,99.92,97.68,97.68,225814.0
2010-02-23,96.96,97.36,93.08,93.24,389252.0
2010-02-24,93.28,94.91,92.76,93.28,329406.0
2010-02-25,91.76,95.36,90.24,95.36,559800.0
2010-02-26,95.88,96.72,94.48,96.72,352125.0
2010-03-01,97.16,98.76,96.08,98.76,270918.0
2010-03-02,99.6,102.28,99.6,100.72,519803.0
2010-03-03,102.4,103.76,101.78,102.52,597315.0
2010-03-04,102.4,102.96,100.08,101.48,296250.0
2010-03-05,102.72,103.92,102.4,103.36,262572.0
2010-03-08,103.8,104.36,101.88,102.96,262373.0
2010-03-09,101.44,103.28,101.2,102.0,270830.0
2010-03-10,103.16,103.88,100.56,101.56,357299.0
2010-03-11,101.12,103.2,100.2,103.12,226072.0
2010-03-12,103.72,104.32,102.04,103.08,271572.0
2010-03-15,103.2,103.24,101.6,102.8,198817.0
2010-03-16,104.36,106.88,104.24,106.84,623339.0
2010-03-17,107.32,107.96,106.6,106.92,363451.0
2010-03-18,107.0,107.68,104.72,106.0,324396.0
2010-03-19,105.8,106.0,102.72,104.36,386524.0
2010-03-22,101.88,103.96,101.48,103.72,294742.0
2010-03-23,103.6,105.88,102.76,105.76,367916.0
2010-03-24,103.36,103.36,100.0,100.72,559854.0
2010-03-25,101.72,102.69,98.96,99.68,530367.0
2010-03-26,100.24,102.08,99.48,102.0,397254.0
2010-03-29,103.48,104.36,102.64,103.6,233388.0
2010-03-30,104.08,104.12,101.96,102.4,136155.0
2010-03-31,103.44,103.92,102.48,102.88,191590.0
2010-04-01,,,,106.32,0.0
2010-04-02,,,,106.32,0.0
2010-04-05,107.56,109.32,107.2,109.24,374764.0
2010-04-06,109.44,110.36,108.96,109.52,397283.0
2010-04-07,109.8,112.2,109.8,111.2,795962.0
2010-04-08,111.2,111.72,110.12,111.56,340134.0
2010-04-09,112.44,114.0,111.96,113.2,548868.0
2010-04-12,113.12,114.08,111.44,111.8,462374.0
2010-04-13,111.6,111.6,108.96,110.88,328527.0
2010-04-14,112.52,113.52,111.56,113.04,311755.0
2010-04-15,112.8,113.68,111.92,112.32,215820.0
2010-04-16,110.72,111.32,106.8,108.96,685288.0
2010-04-19,107.88,108.52,106.6,108.32,398546.0
2010-04-20,110.2,111.16,109.6,109.84,259246.0
2010-04-21,110.6,111.12,109.44,110.84,341436.0
2010-04-22,109.24,111.16,108.52,111.16,249633.0
2010-04-23,110.84,114.16,109.68,114.16,432588.0
2010-04-26,113.84,114.62,112.8,113.0,347492.0
2010-04-27,111.64,114.28,110.6,112.36,600159.0
2010-04-28,113.12,115.44,111.76,114.88,805233.0
2010-04-29,115.12,116.8,114.52,116.0,443117.0
2010-04-30,116.92,118.52,116.6,116.72,726166.0
2010-05-03,117.8,118.6,115.0,115.72,450068.0
2010-05-04,114.96,115.32,107.92,110.32,1070168.0
2010-05-05,107.8,112.16,105.0,110.44,536939.0
2010-05-06,110.28,113.16,104.4,110.8,1029256.0
2010-05-07,111.08,111.84,107.64,108.68,703354.0
2010-05-10,111.12,113.52,110.4,113.08,382402.0
2010-05-11,115.08,121.12,114.56,120.96,990252.0
2010-05-12,123.44,125.12,122.08,122.4,973208.0
2010-05-13,122.44,122.96,118.4,119.52,486336.0
2010-05-14,121.08,121.32,114.08,118.28,824125.0
2010-05-17,118.32,118.72,112.8,114.88,577328.0
2010-05-18,113.44,115.48,111.88,112.52,450131.0
2010-05-19,110.72,111.12,103.4,106.84,1101610.0
2010-05-20,103.52,104.36,100.0,100.0,960100.0
2010-05-21,98.36,104.52,96.98,102.78,774612.0
2010-05-24,104.64,106.56,104.12,104.69,435351.0
2010-05-25,102.24,106.6,100.8,106.56,638390.0
2010-05-26,109.32,110.24,106.08,106.64,374018.0
2010-05-27,108.6,110.8,108.36,110.52,272975.0
2010-05-28,,,,108.6,0.0
2010-05-31,,,,108.6,0.0
2010-06-01,109.44,111.68,107.28,107.4,375647.0
2010-06-02,106.92,110.32,106.36,110.28,297596.0
2010-06-03,110.76,110.76,106.48,108.08,369053.0
2010-06-04,107.32,107.96,105.0,105.44,283344.0
2010-06-07,105.2,109.56,104.51,108.24,425359.0
2010-06-08,109.68,112.64,109.68,111.28,653410.0
2010-06-09,111.04,112.2,108.68,109.24,349384.0
2010-06-10,110.0,111.32,109.68,110.76,230569.0
2010-06-11,110.16,112.24,110.16,112.2,277803.0
2010-06-14,112.84,113.84,109.96,110.0,347012.0
2010-06-15,111.28,113.96,111.16,113.92,303625.0
2010-06-16,112.96,114.68,112.2,114.4,263696.0
2010-06-17,116.2,117.8,115.76,116.96,457690.0
2010-06-18,119.28,121.44,118.44,121.39,511490.0
2010-06-21,122.04,122.6,114.28,115.0,572374.0
2010-06-22,115.6,117.37,113.56,113.92,401105.0
2010-06-23,113.12,115.36,111.32,114.4,316472.0
2010-06-24,114.24,116.36,113.08,114.4,307292.0
2010-06-25,116.52,119.0,115.72,118.48,341059.0
2010-06-28,118.4,120.28,116.24,116.76,364007.0
2010-06-29,114.24,114.24,110.6,111.6,609444.0
2010-06-30,111.84,112.88,108.88,109.04,446656.0
2010-07-01,109.16,110.24,101.76,103.52,560801.0
2010-07-02,,,,104.84,0.0
2010-07-05,,,,104.84,0.0
2010-07-06,105.72,105.8,101.6,102.68,416628.0
2010-07-07,101.88,104.84,101.44,104.84,311742.0
2010-07-08,105.28,105.64,102.52,103.88,249453.0
2010-07-09,105.04,107.6,104.76,107.28,222868.0
2010-07-12,106.84,107.8,104.92,105.6,160999.0
2010-07-13,108.56,108.84,106.48,106.76,275184.0
2010-07-14,106.44,108.4,105.68,106.84,209795.0
2010-07-15,107.6,107.72,104.88,107.24,174286.0
2010-07-16,105.0,105.08,103.32,104.04,254717.0
2010-07-19,103.04,103.26,100.4,101.52,327965.0
2010-07-20,101.28,104.68,100.92,104.56,236803.0
2010-07-21,105.6,106.0,102.44,103.04,278307.0
2010-07-22,104.0,106.12,103.88,104.92,227313.0
2010-07-23,105.88,106.36,104.36,105.52,294876.0
2010-07-26,106.52,106.56,105.08,105.28,114848.0
2010-07-27,105.16,105.16,101.88,102.84,366302.0
2010-07-28,102.52,103.96,102.08,103.12,161680.0
2010-07-29,104.52,105.12,103.56,104.76,207163.0
2010-07-30,104.68,106.92,104.2,106.68,218455.0
2010-08-02,108.2,108.92,105.56,106.2,291559.0
2010-08-03,107.4,109.32,107.28,109.12,394267.0
2010-08-04,111.04,112.76,110.88,112.32,295486.0
2010-08-05,112.64,113.2,111.72,112.68,182022.0
2010-08-06,112.96,114.0,112.36,113.2,246018.0
2010-08-09,113.48,114.12,112.24,114.08,203071.0
2010-08-10,112.24,113.56,110.0,112.92,420175.0
2010-08-11,111.6,111.8,108.93,109.24,258067.0
2010-08-12,110.64,113.2,110.0,113.12,275343.0
2010-08-13,113.12,114.08,112.88,113.68,200439.0
2010-08-16,114.36,115.72,114.2,115.48,263896.0
2010-08-17,115.92,117.64,115.88,117.04,200526.0
2010-08-18,116.76,119.28,115.2,119.2,283787.0
2010-08-19,119.2,119.92,117.2,118.24,321375.0
2010-08-20,116.96,117.68,114.8,117.68,235270.0
2010-08-23,118.0,118.2,115.76,116.16,164607.0
2010-08-24,113.28,115.52,112.24,114.4,325565.0
2010-08-25,115.6,118.6,114.8,118.48,243193.0
2010-08-26,118.68,120.4,118.52,119.16,273990.0
2010-08-27,119.96,121.36,117.76,121.2,258894.0
2010-08-30,121.56,122.0,119.76,119.76,131868.0
2010-08-31,121.12,123.0,120.86,121.36,281586.0
2010-09-01,123.8,123.96,121.72,122.6,296695.0
2010-09-02,123.72,124.6,122.52,124.46,236938.0
2010-09-03,,,,127.96,0.0
2010-09-06,,,,127.96,0.0
2010-09-07,129.04,130.64,129.04,129.44,372472.0
2010-09-08,130.76,132.2,130.0,130.08,466538.0
2010-09-09,130.4,131.2,126.04,126.76,394228.0
2010-09-10,126.4,128.88,126.04,128.68,231608.0
2010-09-13,129.52,129.92,127.88,129.2,250453.0
2010-09-14,132.08,135.84,131.0,134.04,676878.0
2010-09-15,134.0,134.92,132.72,133.16,392850.0
2010-09-16,134.6,135.52,134.04,135.52,387628.0
2010-09-17,136.0,136.0,133.6,134.8,334294.0
2010-09-20,135.6,138.16,135.47,137.0,368650.0
2010-09-21,136.16,137.08,132.48,136.76,644156.0
2010-09-22,138.56,139.28,135.92,137.04,672139.0
2010-09-23,136.44,138.0,135.36,135.84,267148.0
2010-09-24,138.0,138.36,134.92,135.04,436092.0
2010-09-27,136.8,137.08,133.72,134.0,446057.0
2010-09-28,133.56,136.76,130.36,136.56,692231.0
2010-09-29,137.2,137.64,135.28,136.28,402464.0
2010-09-30,137.68,137.68,131.56,133.6,552546.0
2010-10-01,134.96,137.04,134.92,136.76,594481.0
2010-10-04,135.44,135.88,132.84,133.36,321148.0
2010-10-05,136.48,139.08,136.27,138.64,570772.0
2010-10-06,139.4,142.12,139.24,141.64,703262.0
2010-10-07,142.96,143.2,136.32,137.4,858360.0
2010-10-08,137.24,140.6,136.56,140.36,517498.0
2010-10-11,139.76,141.84,139.0,141.56,376907.0
2010-10-12,140.0,140.96,137.84,140.76,580441.0
2010-10-13,142.96,146.12,142.48,145.4,515199.0
2010-10-14,145.92,147.08,144.6,145.36,520863.0
2010-10-15,144.36,144.8,140.88,142.6,478899.0
2010-10-18,140.68,145.76,139.2,142.52,299238.0
2010-10-19,137.24,137.24,132.44,133.56,994929.0
2010-10-20,134.84,138.64,134.8,138.32,495182.0
2010-10-21,138.12,139.04,132.6,133.8,631278.0
2010-10-22,133.84,135.96,132.48,135.76,382230.0
2010-10-25,139.64,140.76,138.2,140.0,596940.0
2010-10-26,138.32,141.76,138.08,141.12,371386.0
2010-10-27,139.48,139.52,135.56,138.36,468850.0
2010-10-28,140.88,142.28,138.64,142.2,524081.0
2010-10-29,142.32,144.88,141.92,144.72,442780.0
2010-11-01,145.64,147.16,144.08,145.12,447897.0
2010-11-02,146.96,148.0,146.0,147.04,379276.0
2010-11-03,147.92,148.88,143.72,148.12,827865.0
2010-11-04,154.64,160.0,153.2,159.72,1335546.0
2010-11-05,159.2,164.24,158.44,162.04,1111784.0
2010-11-08,161.76,167.76,160.64,167.28,917656.0
2010-11-09,170.48,173.24,155.4,158.28,1718206.0
2010-11-10,160.12,162.6,154.6,162.24,1012930.0
2010-11-11,163.28,163.32,159.2,163.0,563889.0
2010-11-12,159.8,161.28,154.56,156.72,833275.0
2010-11-15,157.68,158.0,153.8,154.0,494768.0
2010-11-16,151.96,152.0,145.32,147.52,1490048.0
2010-11-17,148.0,153.2,147.72,151.32,677755.0
2010-11-18,155.76,157.32,154.8,155.28,731627.0
2010-11-19,154.36,156.68,152.0,156.56,475440.0
2010-11-22,155.76,159.56,155.32,159.4,498930.0
2010-11-23,158.28,159.0,156.4,158.0,558353.0
2010-11-24,,,,158.57,0.0
2010-11-26,154.44,156.28,154.0,155.6,179672.0
2010-11-29,155.08,157.84,152.44,157.52,404606.0
2010-11-30,158.28,163.28,157.6,161.8,723577.0
2010-12-01,164.32,165.72,162.4,165.08,620430.0
2010-12-02,166.04,169.44,166.04,167.48,580124.0
2010-12-03,169.0,172.0,168.44,171.83,697426.0
2010-12-06,172.12,175.88,172.12,175.76,755870.0
2010-12-07,179.24,179.44,169.28,169.52,1073046.0
2010-12-08,168.36,168.8,162.72,166.04,896756.0
2010-12-09,168.48,169.72,165.2,165.44,1253694.0
2010-12-10,164.72,166.44,161.56,166.24,862545.0
2010-12-13,170.08,170.88,167.76,168.2,782359.0
2010-12-14,169.4,171.12,167.0,168.84,642024.0
2010-12-15,168.04,168.24,163.92,164.36,560502.0
2010-12-16,164.0,164.24,160.8,162.88,779082.0
2010-12-17,162.0,167.72,162.0,167.24,794926.0
2010-12-20,167.88,168.08,163.76,167.2,486446.0
2010-12-21,167.08,168.56,165.48,168.56,515464.0
2010-12-22,168.48,168.68,162.52,162.84,587818.0
2010-12-23,,,,152.84,0.0
2010-12-27,153.36,153.36,151.2,151.76,367694.0
2010-12-28,155.64,159.96,154.48,159.92,553670.0
2010-12-29,160.52,160.96,158.43,158.8,416094.0
2010-12-30,159.44,160.04,156.6,157.16,322830.0
2010-12-31,158.8,161.04,158.08,159.56,427329.0
2011-01-03,161.04,163.2,159.32,159.88,591724.0
2011-01-04,157.48,159.08,148.84,151.98,1332844.0
2011-01-05,150.24,151.44,147.0,150.68,900600.0
2011-01-06,150.68,150.72,144.48,144.48,829507.0
2011-01-07,144.72,147.2,143.08,144.72,711901.0
2011-01-10,144.92,147.28,142.84,146.8,588064.0
2011-01-11,149.16,151.84,148.48,151.4,798543.0
2011-01-12,152.36,153.0,150.08,151.72,596113.0
2011-01-13,151.88,152.52,145.08,145.8,681575.0
2011-01-14,,,,142.6,0.0
2011-01-18,143.76,146.2,143.48,144.84,491665.0
2011-01-19,146.64,146.8,142.28,143.04,450281.0
2011-01-20,139.28,139.48,134.76,138.28,1221961.0
2011-01-21,138.72,139.0,135.28,135.64,660785.0
2011-01-24,135.28,137.56,132.92,134.0,601099.0
2011-01-25,132.64,133.27,130.04,133.24,1256584.0
2011-01-26,133.0,139.92,132.48,139.48,1016185.0
2011-01-27,139.56,139.88,134.88,135.68,883637.0
2011-01-28,134.52,140.84,134.4,138.52,1337450.0
2011-01-31,138.72,139.04,136.3,136.4,540066.0
2011-02-01,138.96,142.72,138.08,142.48,912114.0
2011-02-02,142.36,142.36,139.72,142.0,181387.0
2011-02-03,143.6,150.44,141.4,150.0,449946.0
2011-02-04,151.24,152.08,148.72,150.0,229996.0
2011-02-07,150.76,152.28,149.6,150.12,107782.0
2011-02-08,152.36,154.0,151.36,153.08,235522.0
2011-02-09,153.4,153.8,147.96,148.4,318881.0
2011-02-10,146.6,148.28,144.4,147.32,207248.0
2011-02-11,147.28,149.52,146.04,146.2,190653.0
2011-02-14,147.6,149.64,147.6,149.28,123908.0
2011-02-15,151.72,152.56,151.08,151.76,187633.0
2011-02-16,152.4,154.24,150.4,153.96,244396.0
2011-02-17,155.0,155.36,153.68,154.72,227813.0
2011-02-18,,,,155.96,0.0
2011-02-22,158.76,158.76,151.88,152.28,310860.0
2011-02-23,152.04,154.52,151.12,153.0,326487.0
2011-02-24,153.32,153.4,146.92,147.2,227496.0
2011-02-25,148.4,151.48,148.4,151.44,144055.0
2011-02-28,152.12,154.96,151.72,154.0,113194.0
2011-03-01,155.88,158.68,155.12,158.68,247239.0
2011-03-02,159.52,159.64,157.72,158.6,255070.0
2011-03-03,157.44,157.44,154.4,156.64,275641.0
2011-03-04,157.32,160.24,157.16,159.88,155808.0
2011-03-07,162.6,163.12,156.76,158.64,123108.0
2011-03-08,157.16,157.28,153.4,156.44,108512.0
2011-03-09,156.84,157.68,153.64,154.04,139358.0
2011-03-10,150.92,150.92,145.44,146.2,314219.0
2011-03-11,143.6,151.28,143.28,150.88,237442.0
2011-03-14,149.72,150.24,146.12,148.4,136968.0
2011-03-15,137.08,144.24,136.28,142.52,403524.0
2011-03-16,143.48,145.56,138.56,140.48,248062.0
2011-03-17,141.64,143.92,141.16,142.96,227793.0
2011-03-18,146.2,148.8,145.08,147.6,326309.0
2011-03-21,151.4,152.88,150.2,152.88,167421.0
2011-03-22,151.56,152.88,150.36,152.28,147558.0
2011-03-23,153.28,158.44,152.4,157.44,221292.0
2011-03-24,159.0,160.8,155.72,156.32,437030.0
2011-03-25,157.16,158.04,153.84,154.48,274262.0
2011-03-28,152.16,154.48,152.08,152.2,202394.0
2011-03-29,152.04,154.76,150.8,152.64,136687.0
2011-03-30,155.32,156.48,153.28,156.24,200152.0
2011-03-31,158.2,158.56,156.64,156.88,143514.0
2011-04-01,156.4,157.04,154.44,156.0,149750.0
2011-04-04,158.12,158.56,156.96,157.68,120864.0
2011-04-05,156.96,166.8,156.96,166.64,355579.0
2011-04-06,168.76,169.96,165.88,166.24,366246.0
2011-04-07,166.0,169.44,164.8,166.68,222586.0
2011-04-08,169.8,171.88,168.16,169.4,287629.0
2011-04-11,169.72,169.8,161.04,162.88,258207.0
2011-04-12,162.2,162.48,156.48,157.76,319596.0
2011-04-13,159.8,161.56,157.92,159.36,228578.0
2011-04-14,160.16,164.64,158.92,164.0,248366.0
2011-04-15,164.36,164.8,161.86,162.32,292126.0
2011-04-18,161.88,162.6,156.24,160.08,306539.0
2011-04-19,160.56,162.92,159.48,162.68,172600.0
2011-04-20,165.76,168.48,165.2,166.2,290797.0
2011-04-21,,,,167.4,0.0
2011-04-25,169.08,169.16,161.96,162.24,315159.0
2011-04-26,161.12,161.84,158.72,160.6,192792.0
2011-04-27,161.68,166.72,158.12,166.48,300934.0
2011-04-28,166.84,169.56,165.0,166.28,283136.0
2011-04-29,166.4,168.28,164.4,166.6,170160.0
2011-05-02,162.32,165.48,158.24,158.96,403948.0
2011-05-03,158.0,158.0,150.24,151.68,561863.0
2011-05-04,152.44,153.36,148.08,151.76,309069.0
2011-05-05,148.44,151.6,141.56,143.32,462652.0
2011-05-06,146.44,150.52,146.12,147.44,383736.0
2011-05-09,149.72,151.04,147.04,150.8,186103.0
2011-05-10,150.84,152.28,149.6,150.2,219527.0
2011-05-11,148.88,149.84,141.72,143.28,382308.0
2011-05-12,140.12,144.24,137.52,141.44,404153.0
2011-05-13,142.08,143.52,137.44,138.76,235212.0
2011-05-16,138.04,142.4,137.36,138.8,196721.0
2011-05-17,136.96,138.92,134.0,137.88,251163.0
2011-05-18,138.96,142.44,138.8,141.4,202428.0
2011-05-19,142.08,143.36,139.88,141.88,119600.0
2011-05-20,141.4,145.28,139.0,144.56,392274.0
2011-05-23,142.04,144.76,139.96,140.28,337498.0
2011-05-24,142.24,146.32,142.24,145.88,232890.0
2011-05-25,146.36,148.44,144.76,146.56,131794.0
2011-05-26,146.24,147.32,144.12,146.6,156640.0
2011-05-27,,,,149.76,0.0
2011-05-31,151.4,152.24,149.04,151.76,147804.0
2011-06-01,150.88,153.32,148.2,149.0,156753.0
2011-06-02,148.64,149.72,143.68,146.04,186554.0
2011-06-03,145.64,146.6,143.88,144.36,195543.0
2011-06-06,145.08,145.92,140.4,141.08,169904.0
2011-06-07,142.36,143.44,141.16,141.64,134209.0
2011-06-08,140.0,141.04,135.16,137.64,226260.0
2011-06-09,137.32,141.48,136.16,140.92,124743.0
2011-06-10,138.36,139.92,135.88,139.48,342695.0
2011-06-13,138.08,138.16,133.16,133.64,360139.0
2011-06-14,135.0,138.04,134.72,137.08,150349.0
2011-06-15,135.76,138.28,133.12,134.88,231208.0
2011-06-16,133.76,134.68,128.6,130.32,245872.0
2011-06-17,131.2,134.08,129.8,130.84,212794.0
2011-06-20,130.48,131.24,129.32,130.56,169957.0
2011-06-21,132.08,136.64,131.56,135.96,189525.0
2011-06-22,136.72,141.4,136.6,138.64,209265.0
2011-06-23,133.96,136.36,131.96,136.36,190440.0
2011-06-24,135.88,135.88,131.68,131.96,145750.0
2011-06-27,130.76,131.16,128.24,129.12,185596.0
2011-06-28,130.12,131.92,128.88,131.72,113716.0
2011-06-29,132.92,136.36,132.92,135.88,195834.0
2011-06-30,136.72,138.0,135.52,137.92,140826.0
2011-07-01,,,,135.64,0.0
2011-07-05,138.28,141.88,137.96,141.0,244248.0
2011-07-06,143.32,145.16,142.5,144.4,218506.0
2011-07-07,146.16,147.28,144.8,145.2,175390.0
2011-07-08,146.0,146.88,144.44,145.56,115132.0
2011-07-11,145.12,145.64,140.56,142.0,215321.0
2011-07-12,140.88,146.16,140.08,144.8,421151.0
2011-07-13,148.48,153.16,148.04,151.88,424598.0
2011-07-14,154.32,154.88,149.2,150.44,413029.0
2011-07-15,150.64,152.64,149.72,152.16,189964.0
2011-07-18,154.52,156.48,153.88,156.28,270430.0
2011-07-19,156.96,157.0,151.0,151.08,208802.0
2011-07-20,150.6,154.28,149.44,153.76,177587.0
2011-07-21,154.52,155.28,150.76,152.16,172910.0
2011-07-22,154.08,155.88,153.4,154.72,107664.0
2011-07-25,157.04,157.96,153.48,154.08,178204.0
2011-07-26,153.8,154.64,152.6,153.84,118627.0
2011-07-27,154.64,155.92,146.72,147.24,217080.0
2011-07-28,146.24,146.72,143.36,145.64,233724.0
2011-07-29,144.76,145.28,142.4,144.0,265552.0
2011-08-01,144.32,146.88,143.88,145.44,221041.0
2011-08-02,147.08,150.36,146.44,148.88,298190.0
2011-08-03,151.08,152.8,148.24,148.76,224590.0
2011-08-04,149.72,149.72,134.84,138.24,530437.0
2011-08-05,137.52,138.4,126.52,131.08,583984.0
2011-08-08,131.88,135.12,129.04,131.56,732022.0
2011-08-09,132.28,136.4,128.88,135.72,543883.0
2011-08-10,135.16,143.24,134.08,141.56,542949.0
2011-08-11,140.28,144.4,139.16,143.32,369811.0
2011-08-12,142.0,142.0,138.16,140.0,218432.0
2011-08-15,139.72,144.32,139.16,144.12,154897.0
2011-08-16,144.0,145.48,142.72,143.6,185228.0
2011-08-17,145.0,146.84,142.56,143.6,166968.0
2011-08-18,142.84,143.2,137.4,138.88,203337.0
2011-08-19,141.36,144.36,140.52,140.8,145528.0
2011-08-22,144.4,148.16,142.96,146.64,314238.0
2011-08-23,145.32,147.08,141.4,142.8,204842.0
2011-08-24,142.08,142.08,135.04,137.0,221642.0
2011-08-25,135.64,142.12,135.44,138.96,288468.0
2011-08-26,140.08,143.8,137.4,143.64,152461.0
2011-08-29,145.2,145.68,141.44,144.2,212220.0
2011-08-30,145.56,150.84,145.56,149.44,196487.0
2011-08-31,150.2,150.72,147.6,149.24,154311.0
2011-09-01,149.04,150.2,146.76,149.16,114677.0
2011-09-02,151.96,154.32,150.56,153.12,273401.0
2011-09-06,154.44,155.96,149.36,151.44,297277.0
2011-09-07,147.96,152.72,146.96,152.48,221774.0
2011-09-08,155.28,156.92,154.68,156.72,356956.0
2011-09-09,154.92,156.44,151.12,153.2,384820.0
2011-09-12,149.6,151.04,144.04,147.44,390406.0
2011-09-13,148.84,149.12,146.12,147.44,259675.0
2011-09-14,147.04,147.04,143.2,143.68,238024.0
2011-09-15,143.24,143.4,138.4,142.76,285656.0
2011-09-16,143.72,146.88,142.48,146.44,247470.0
2011-09-19,146.32,146.32,140.04,142.28,270619.0
2011-09-20,142.6,148.24,141.36,145.24,344550.0
2011-09-21,145.36,147.0,140.04,140.4,297614.0
2011-09-22,131.96,131.96,124.2,126.76,543038.0
2011-09-23,120.88,124.32,114.8,118.76,401902.0
2011-09-26,117.12,118.28,112.8,117.84,590490.0
2011-09-27,124.32,125.64,119.88,120.28,368903.0
2011-09-28,120.76,121.28,112.76,113.12,317103.0
2011-09-29,115.32,117.36,110.52,112.24,260983.0
2011-09-30,111.0,115.24,109.76,112.6,213859.0
2011-10-03,114.92,115.68,110.0,110.2,264803.0
2011-10-04,108.12,108.8,100.88,107.32,484073.0
2011-10-05,107.28,113.4,105.64,112.88,341360.0
2011-10-06,113.76,118.48,113.12,118.16,292740.0
2011-10-07,119.2,120.84,113.56,116.2,246395.0
2011-10-10,119.32,123.64,119.16,123.6,252361.0
2011-10-11,120.6,122.8,119.36,122.64,156574.0
2011-10-12,124.36,126.36,123.84,124.0,146209.0
2011-10-13,122.8,123.4,118.72,122.04,148289.0
2011-10-14,124.24,125.96,122.56,124.16,158154.0
2011-10-17,124.08,124.48,118.4,118.68,125525.0
2011-10-18,117.12,122.76,113.44,121.88,226362.0
2011-10-19,122.0,122.0,113.04,113.92,188228.0
2011-10-20,113.44,115.12,110.64,112.76,214316.0
2011-10-21,115.64,117.2,113.76,114.64,141694.0
2011-10-24,116.56,121.64,116.56,121.48,214714.0
2011-10-25,120.92,125.84,117.8,124.32,307950.0
2011-10-26,125.44,127.36,123.32,126.44,250754.0
2011-10-27,129.84,130.64,127.16,129.52,235454.0
2011-10-28,128.2,131.24,127.56,129.64,148633.0
2011-10-31,126.68,127.4,123.88,124.52,147884.0
2011-11-01,118.44,124.52,116.44,123.08,263995.0
2011-11-02,125.8,127.6,123.36,125.6,214749.0
2011-11-03,128.32,130.36,124.64,130.0,221615.0
2011-11-04,128.48,129.4,125.56,128.76,94443.0
2011-11-07,129.72,133.4,129.4,133.12,230868.0
2011-11-08,133.16,133.88,131.16,131.88,171251.0
2011-11-09,129.52,132.2,125.24,125.76,270202.0
2011-11-10,127.68,127.96,122.16,126.44,261866.0
2011-11-11,127.52,130.44,127.0,129.36,123463.0
2011-11-14,128.84,129.2,126.2,127.6,148176.0
2011-11-15,126.92,128.44,125.16,126.8,178284.0
2011-11-16,125.8,127.6,123.8,124.4,269022.0
2011-11-17,123.12,124.56,117.12,118.16,343776.0
2011-11-18,119.28,119.4,115.56,116.96,213318.0
2011-11-21,114.08,114.08,109.16,111.2,253708.0
2011-11-22,112.6,115.0,111.88,113.04,243876.0
2011-11-23,,,,109.04,0.0
2011-11-25,107.68,110.4,107.44,107.88,66291.0
2011-11-28,113.44,114.76,111.52,112.2,114958.0
2011-11-29,112.32,114.24,111.56,112.24,130188.0
2011-11-30,117.36,120.48,117.0,120.16,206698.0
2011-12-01,120.16,122.28,119.16,120.24,145515.0
2011-12-02,122.44,123.0,118.32,118.6,115672.0
2011-12-05,119.52,121.68,117.6,118.68,130474.0
2011-12-06,117.72,120.8,116.08,120.28,93170.0
2011-12-07,119.96,120.76,118.08,119.52,97694.0
2011-12-08,117.64,117.68,113.52,114.0,174832.0
2011-12-09,114.44,116.36,114.12,115.96,81793.0
2011-12-12,111.68,111.68,109.76,110.76,208998.0
2011-12-13,110.64,112.44,105.0,105.2,212497.0
2011-12-14,103.0,104.08,99.2,100.96,322576.0
2011-12-15,102.44,102.84,98.2,98.56,369162.0
2011-12-16,101.48,103.76,100.96,102.48,322586.0
2011-12-19,102.4,103.0,99.36,99.36,223392.0
2011-12-20,102.04,107.56,102.0,106.84,282838.0
2011-12-21,106.52,107.48,105.08,106.16,141118.0
2011-12-22,104.8,104.8,101.32,101.72,148626.0
2011-12-23,,,,97.24,0.0
2011-12-27,96.68,97.96,95.48,96.12,140954.0
2011-12-28,96.32,96.4,91.8,92.04,158514.0
2011-12-29,91.12,96.04,90.36,95.56,208511.0
2011-12-30,,,,98.8,0.0
2012-01-03,102.28,105.0,101.72,104.32,195976.0
2012-01-04,103.44,105.44,103.32,104.32,138412.0
2012-01-05,103.0,104.48,100.2,103.64,153088.0
2012-01-06,104.24,104.88,102.44,102.48,91184.0
2012-01-09,103.16,104.72,102.68,103.8,192333.0
2012-01-10,106.92,107.16,106.04,106.16,257908.0
2012-01-11,106.44,106.88,105.0,106.4,165102.0
2012-01-12,107.92,108.28,105.92,107.08,113856.0
2012-01-13,,,,105.48,0.0
2012-01-17,107.64,108.52,105.0,105.44,145662.0
2012-01-18,105.56,108.2,105.36,108.16,108957.0
2012-01-19,108.0,108.72,105.8,106.8,117388.0
2012-01-20,106.56,108.64,106.04,108.64,168981.0
2012-01-23,109.68,112.0,109.04,109.48,206758.0
2012-01-24,108.4,108.56,107.0,107.64,131350.0
2012-01-25,106.96,116.04,106.6,115.84,272958.0
2012-01-26,118.24,119.96,116.48,117.4,309800.0
2012-01-27,117.2,120.12,116.96,119.36,208942.0
2012-01-30,117.6,118.8,116.6,118.4,131740.0
2012-01-31,120.36,121.08,117.16,118.6,226687.0
2012-02-01,120.48,120.48,118.76,119.2,166807.0
2012-02-02,119.96,122.2,119.32,120.76,173781.0
2012-02-03,119.08,120.04,118.04,118.44,180836.0
2012-02-06,117.28,118.24,115.8,116.8,222793.0
2012-02-07,116.28,118.4,114.6,116.8,150465.0
2012-02-08,116.96,118.28,114.44,114.84,111626.0
2012-02-09,116.56,117.36,113.68,113.96,150298.0
2012-02-10,111.52,112.56,110.32,112.0,152384.0
2012-02-13,113.04,113.16,111.64,112.08,109036.0
2012-02-14,111.8,112.12,109.6,110.6,73761.0
2012-02-15,112.32,112.88,110.08,110.44,137075.0
2012-02-16,109.12,112.88,108.68,112.8,130846.0
2012-02-17,113.92,113.92,110.56,111.36,63118.0
2012-02-21,113.44,115.68,113.32,115.4,106089.0
2012-02-22,114.6,118.4,114.36,117.88,176130.0
2012-02-23,118.48,119.56,117.12,118.28,128768.0
2012-02-24,118.6,118.72,116.24,117.64,162048.0
2012-02-27,117.2,118.0,115.72,116.0,139600.0
2012-02-28,117.48,118.32,116.6,117.72,135700.0
2012-02-29,118.28,119.0,110.68,111.68,310078.0
2012-03-01,112.84,114.2,111.76,113.28,171396.0
2012-03-02,112.4,112.84,110.64,111.04,154776.0
2012-03-05,110.36,110.36,106.26,106.52,189461.0
2012-03-06,103.36,103.64,100.64,103.48,341270.0
2012-03-07,103.72,106.08,102.92,105.24,107593.0
2012-03-08,106.68,108.44,105.88,107.92,124102.0
2012-03-09,106.76,109.36,106.04,106.88,162906.0
2012-03-12,106.4,107.12,104.92,105.96,108660.0
2012-03-13,106.56,107.72,105.44,105.76,233567.0
2012-03-14,103.32,103.44,100.16,100.68,220628.0
2012-03-15,101.32,102.76,100.64,101.96,150430.0
2012-03-16,101.68,102.36,100.96,101.12,147235.0
2012-03-19,100.84,101.8,99.4,99.52,166091.0
2012-03-20,98.64,99.36,96.6,99.24,203942.0
2012-03-21,99.96,100.4,98.24,98.24,148470.0
2012-03-22,96.4,96.96,95.64,96.0,139497.0
2012-03-23,97.08,99.24,96.52,98.48,194104.0
2012-03-26,101.08,102.8,100.92,102.72,287738.0
2012-03-27,103.16,103.16,99.44,99.56,167124.0
2012-03-28,98.44,99.0,95.08,95.96,187348.0
2012-03-29,95.56,96.88,93.56,96.6,146849.0
2012-03-30,99.0,99.0,96.4,98.2,188616.0
2012-04-02,98.36,100.52,97.8,99.84,118384.0
2012-04-03,99.84,99.84,94.04,95.32,181355.0
2012-04-04,92.84,93.0,89.56,91.32,322181.0
2012-04-05,91.52,92.6,89.72,89.96,163416.0
2012-04-09,90.92,91.84,88.96,88.96,180862.0
2012-04-10,89.44,91.92,88.08,91.76,336532.0
2012-04-11,92.32,92.88,90.56,90.6,153440.0
2012-04-12,91.12,95.36,91.12,94.88,250400.0
2012-04-13,94.52,94.68,91.88,92.2,164573.0
2012-04-16,92.32,93.6,90.08,90.44,184424.0
2012-04-17,91.32,92.72,90.76,91.64,183425.0
2012-04-18,90.76,92.08,89.76,90.68,199419.0
2012-04-19,91.68,92.44,89.56,89.84,122818.0
2012-04-20,90.48,91.64,89.52,89.6,110273.0
2012-04-23,88.12,88.2,86.08,87.28,132243.0
2012-04-24,88.0,88.76,86.44,86.72,114418.0
2012-04-25,88.16,89.88,86.12,89.72,261576.0
2012-04-26,90.16,91.64,89.56,91.28,138389.0
2012-04-27,92.88,94.0,92.44,92.92,151028.0
2012-04-30,92.12,93.52,91.64,93.2,122154.0
2012-05-01,93.84,95.72,93.4,93.48,273314.0
2012-05-02,92.52,93.08,91.52,92.36,129918.0
2012-05-03,91.52,91.6,87.28,89.2,190502.0
2012-05-04,89.36,90.16,87.76,87.88,168073.0
2012-05-07,88.08,88.32,84.68,85.4,239657.0
2012-05-08,83.6,83.6,79.92,81.6,409966.0
2012-05-09,79.68,84.88,78.48,82.08,600115.0
2012-05-10,83.52,85.36,82.6,83.04,197902.0
2012-05-11,81.68,83.28,80.8,81.04,165211.0
2012-05-14,79.0,80.76,77.1,77.6,379606.0
2012-05-15,77.12,78.2,71.56,72.12,496778.0
2012-05-16,72.08,73.64,69.52,71.52,607960.0
2012-05-17,73.24,76.84,72.8,74.36,486218.0
2012-05-18,76.8,77.76,74.0,74.56,380768.0
2012-05-21,74.76,77.8,74.76,77.6,238815.0
2012-05-22,77.16,77.32,73.72,74.16,339216.0
2012-05-23,73.6,77.72,71.0,77.56,385037.0
2012-05-24,78.76,79.08,76.48,78.0,272827.0
2012-05-25,78.4,80.32,77.8,80.12,259831.0
2012-05-29,81.6,82.32,78.72,79.6,367178.0
2012-05-30,78.12,79.48,76.0,78.32,376619.0
2012-05-31,78.92,79.64,75.92,77.28,340529.0
2012-06-01,79.0,82.92,78.84,82.56,664555.0
2012-06-04,83.32,83.32,81.08,83.08,218184.0
2012-06-05,83.44,85.6,83.28,85.36,291259.0
2012-06-06,87.8,88.68,84.8,86.48,400193.0
2012-06-07,87.32,87.32,82.2,83.4,376270.0
2012-06-08,82.2,84.08,81.48,83.64,131180.0
2012-06-11,84.44,84.44,81.4,81.52,166472.0
2012-06-12,82.4,84.44,82.16,84.4,261115.0
2012-06-13,84.92,85.92,83.08,83.16,227108.0
2012-06-14,83.96,84.2,82.12,82.92,138640.0
2012-06-15,82.44,82.96,81.76,82.28,317884.0
2012-06-18,81.44,85.36,81.4,84.52,219288.0
2012-06-19,85.64,85.96,84.2,84.64,187208.0
2012-06-20,82.96,85.96,81.6,83.8,346842.0
2012-06-21,81.56,81.88,77.24,77.32,333495.0
2012-06-22,77.72,78.68,76.36,77.92,173806.0
2012-06-25,76.64,78.16,76.4,77.12,195684.0
2012-06-26,77.16,77.32,75.0,76.0,172005.0
2012-06-27,76.68,77.08,75.0,75.72,119167.0
2012-06-28,74.96,75.28,72.0,72.76,190915.0
2012-06-29,76.84,77.2,76.08,76.68,166236.0
2012-07-02,76.64,77.2,76.08,76.52,87576.0
2012-07-03,78.56,80.52,78.04,80.4,213540.0
2012-07-05,79.48,80.84,79.22,79.6,206800.0
2012-07-06,76.96,77.64,76.4,77.2,306666.0
2012-07-09,76.68,77.32,76.08,76.86,130830.0
2012-07-10,77.8,77.96,73.44,73.76,147687.0
2012-07-11,73.72,74.48,72.48,73.68,267361.0
2012-07-12,71.88,73.04,70.64,72.24,188362.0
2012-07-13,73.92,74.8,73.6,74.04,105246.0
2012-07-16,74.24,75.84,73.84,75.2,164579.0
2012-07-17,75.48,75.48,73.32,74.6,100859.0
2012-07-18,73.68,75.12,73.68,74.28,74799.0
2012-07-19,75.48,76.32,75.08,75.24,102169.0
2012-07-20,75.32,75.48,74.28,74.48,96966.0
2012-07-23,72.92,72.92,71.32,71.72,150878.0
2012-07-24,72.68,72.8,71.4,72.08,111598.0
2012-07-25,74.36,75.6,73.0,74.96,152979.0
2012-07-26,76.52,78.0,76.2,78.0,222883.0
2012-07-27,79.24,79.24,77.56,78.6,158020.0
2012-07-30,78.36,79.16,77.68,78.56,132910.0
2012-07-31,78.48,78.84,76.88,76.88,114726.0
2012-08-01,76.28,77.6,75.2,76.36,142039.0
2012-08-02,76.0,77.96,75.72,76.08,116053.0
2012-08-03,77.44,78.68,76.8,77.88,185257.0
2012-08-06,78.6,81.0,78.52,79.84,163878.0
2012-08-07,80.2,80.56,79.88,79.92,153332.0
2012-08-08,80.08,80.92,79.32,79.36,101614.0
2012-08-09,79.6,81.56,79.32,81.36,149850.0
2012-08-10,80.96,81.76,80.72,81.52,122573.0
2012-08-13,82.04,82.28,80.04,80.48,215758.0
2012-08-14,80.16,80.56,79.2,79.36,118460.0
2012-08-15,79.36,79.76,78.92,79.64,111505.0
2012-08-16,80.4,82.28,79.92,82.24,175028.0
2012-08-17,82.56,82.64,81.12,82.32,229426.0
2012-08-20,81.88,83.16,81.56,83.0,181447.0
2012-08-21,85.32,86.96,85.2,85.84,291086.0
2012-08-22,85.8,87.6,84.92,87.44,305431.0
2012-08-23,88.96,89.48,87.92,88.08,369121.0
2012-08-24,88.2,88.84,87.12,88.08,241523.0
2012-08-27,88.4,88.4,86.6,86.72,258037.0
2012-08-28,86.84,87.36,85.24,85.4,165535.0
2012-08-29,85.24,85.76,84.12,84.12,121256.0
2012-08-30,84.28,84.28,81.4,82.24,141417.0
2012-08-31,82.84,86.92,81.72,86.72,296556.0
2012-09-04,87.36,88.48,86.44,88.24,311008.0
2012-09-05,88.24,88.24,86.56,88.12,121818.0
2012-09-06,89.76,91.32,89.6,91.12,260436.0
2012-09-07,94.24,94.76,93.36,93.88,300381.0
2012-09-10,93.88,94.08,91.68,91.92,226603.0
2012-09-11,93.32,94.0,92.88,93.08,205340.0
2012-09-12,94.24,94.28,89.96,92.36,377454.0
2012-09-13,92.0,96.72,90.04,96.24,472787.0
2012-09-14,98.56,100.04,98.12,98.72,570818.0
2012-09-17,99.4,99.64,97.28,97.44,196231.0
2012-09-18,97.64,99.72,97.44,98.92,229664.0
2012-09-19,99.48,101.56,98.04,100.88,341049.0
2012-09-20,99.84,100.0,98.12,99.84,261238.0
2012-09-21,101.88,102.64,100.84,101.84,280015.0
2012-09-24,99.2,100.08,97.32,97.44,337614.0
2012-09-25,99.12,99.76,95.72,95.96,173776.0
2012-09-26,93.92,95.8,92.32,94.88,338746.0
2012-09-27,96.64,100.0,96.52,99.96,226632.0
2012-09-28,99.68,100.16,98.52,98.88,166776.0
2012-10-01,99.92,100.76,98.48,99.2,173951.0
2012-10-02,99.76,99.76,97.68,98.2,111674.0
2012-10-03,98.28,98.28,96.96,97.48,139131.0
2012-10-04,98.68,100.8,98.44,100.6,184371.0
2012-10-05,99.76,101.44,98.56,99.28,161857.0
2012-10-08,97.68,98.44,97.12,97.48,183967.0
2012-10-09,98.08,98.8,95.44,95.52,253234.0
2012-10-10,95.6,97.6,95.24,96.36,178669.0
2012-10-11,97.4,99.04,97.4,97.8,85127.0
2012-10-12,97.28,98.4,95.8,96.04,131701.0
2012-10-15,95.04,95.08,92.8,94.56,190792.0
2012-10-16,95.12,96.72,94.92,96.4,104874.0
2012-10-17,96.64,98.0,96.32,97.08,124083.0
2012-10-18,95.8,96.84,95.6,95.84,109603.0
2012-10-19,95.52,95.64,93.28,94.56,252164.0
2012-10-22,94.32,96.16,94.32,96.04,132150.0
2012-10-23,93.84,94.24,92.96,93.48,162307.0
2012-10-24,94.12,94.4,92.56,92.6,73320.0
2012-10-25,94.88,95.08,93.64,94.32,169395.0
2012-10-26,94.56,94.8,93.2,93.72,69788.0
2012-10-31,95.4,96.56,94.76,96.56,170554.0
2012-11-01,96.08,96.76,95.88,96.12,128784.0
2012-11-02,94.8,95.0,92.8,92.84,161434.0
2012-11-05,93.4,93.68,92.28,92.36,111456.0
2012-11-06,93.28,95.22,92.44,94.28,182478.0
2012-11-07,95.68,95.68,92.36,94.84,249043.0
2012-11-08,95.08,96.4,94.12,95.72,192418.0
2012-11-09,96.12,96.84,95.72,95.76,134044.0
2012-11-12,96.16,96.32,94.96,95.12,100377.0
2012-11-13,93.84,94.08,92.68,92.92,100031.0
2012-11-14,93.44,93.44,87.88,88.32,375299.0
2012-11-15,87.6,87.88,84.12,84.68,389250.0
2012-11-16,84.56,86.44,83.84,86.04,172628.0
2012-11-19,88.6,89.36,87.92,88.84,187008.0
2012-11-20,89.08,89.08,87.36,88.08,107204.0
2012-11-21,88.32,89.0,87.44,88.4,341632.0
2012-11-23,88.64,90.24,87.4,90.12,436476.0
2012-11-26,89.0,89.92,88.48,89.28,452457.0
2012-11-27,88.84,89.24,87.36,87.48,557714.0
2012-11-28,84.92,87.16,84.76,87.12,716261.0
2012-11-29,87.32,88.2,86.57,87.6,438441.0
2012-11-30,87.52,87.52,85.6,86.24,391098.0
2012-12-03,86.4,86.88,84.96,85.04,344617.0
2012-12-04,84.12,85.32,83.52,84.88,589741.0
2012-12-05,84.64,85.2,82.64,83.04,833954.0
2012-12-06,82.64,84.74,82.4,83.12,693306.0
2012-12-07,84.04,84.28,83.2,83.92,445066.0
2012-12-10,84.68,85.16,84.4,84.92,409648.0
2012-12-11,84.84,85.28,84.64,85.0,426230.0
2012-12-12,85.48,87.64,85.44,86.64,1002112.0
2012-12-13,84.12,85.52,83.96,84.68,578373.0
2012-12-14,85.12,85.52,84.24,85.2,431033.0
2012-12-17,84.96,85.44,84.4,84.92,624548.0
2012-12-18,84.88,85.2,82.24,82.56,1045520.0
2012-12-19,82.6,83.0,81.6,81.84,584998.0
2012-12-20,80.84,81.36,79.4,80.84,1483582.0
2012-12-21,80.04,81.56,79.92,81.16,1283987.0
2012-12-24,78.4,78.6,76.04,77.08,728540.0
2012-12-26,77.72,78.0,76.84,77.12,434543.0
2012-12-27,76.64,77.92,76.44,77.6,602394.0
2012-12-28,77.24,77.92,76.76,77.04,525776.0
2012-12-31,77.6,79.6,77.48,79.16,686767.0
2013-01-02,81.64,83.0,81.56,82.16,713118.0
2013-01-03,82.6,82.6,79.08,79.56,718329.0
2013-01-04,78.4,80.68,78.0,80.44,1123990.0
2013-01-07,79.92,80.16,79.32,79.84,828640.0
2013-01-08,79.84,80.56,79.32,80.08,591707.0
2013-01-09,80.2,80.36,79.36,79.56,557205.0
2013-01-10,80.88,82.0,80.56,81.84,910213.0
2013-01-11,81.24,81.72,80.2,80.8,647727.0
2013-01-14,81.88,82.36,80.84,81.04,532692.0
2013-01-15,81.64,82.34,80.92,81.84,410976.0
2013-01-16,81.44,82.24,81.24,81.96,301647.0
2013-01-17,81.6,82.84,81.04,82.44,652434.0
2013-01-18,82.4,82.4,81.24,81.96,1057743.0
2013-01-22,81.72,82.36,80.88,81.92,826267.0
2013-01-23,81.88,82.68,79.88,80.24,950724.0
2013-01-24,79.56,79.56,76.64,77.32,1654596.0
2013-01-25,76.6,77.0,74.8,74.88,1336287.0
2013-01-28,74.96,75.4,74.04,74.12,595074.0
2013-01-29,74.72,75.92,74.64,75.84,791040.0
2013-01-30,76.76,77.44,76.2,76.48,831337.0
2013-01-31,75.84,76.24,75.22,75.6,548312.0
2013-02-01,76.68,77.2,75.88,76.6,484350.0
2013-02-04,75.76,76.68,75.24,75.4,705881.0
2013-02-05,75.4,76.2,74.28,74.68,964875.0
2013-02-06,74.6,74.92,73.84,74.24,717272.0
2013-02-07,73.8,75.16,73.6,74.2,545430.0
2013-02-08,74.0,74.64,73.88,74.04,457820.0
2013-02-11,73.16,73.16,72.04,72.16,909885.0
2013-02-12,72.0,72.6,71.4,71.92,935132.0
2013-02-13,72.44,72.48,70.96,71.24,671824.0
2013-02-14,71.44,71.64,70.56,70.8,678554.0
2013-02-15,69.8,70.08,68.28,68.88,1446898.0
2013-02-19,68.4,68.4,66.08,66.52,1789668.0
2013-02-20,65.48,65.48,62.96,63.28,2433820.0
2013-02-21,63.44,64.44,62.72,63.8,1802601.0
2013-02-22,64.0,64.88,63.6,64.84,839361.0
2013-02-25,65.52,66.76,65.52,66.4,993528.0
2013-02-26,66.4,67.24,65.12,66.56,1056907.0
2013-02-27,66.16,66.76,65.13,65.28,575545.0
2013-02-28,64.96,65.12,63.16,63.32,805830.0
2013-03-01,63.32,63.76,62.2,62.44,963666.0
2013-03-04,62.52,62.52,59.8,60.24,1374637.0
2013-03-05,61.36,61.92,60.8,60.84,844476.0
2013-03-06,61.0,63.96,60.12,63.76,2437293.0
2013-03-07,64.0,64.6,63.24,63.84,1610164.0
2013-03-08,63.04,65.72,62.8,64.4,1421726.0
2013-03-11,64.6,65.32,64.44,65.16,1049749.0
2013-03-12,65.84,67.56,65.8,67.56,1170771.0
2013-03-13,67.72,67.88,65.16,65.68,998073.0
2013-03-14,65.2,66.8,65.04,66.32,869118.0
2013-03-15,66.32,67.88,66.32,67.4,1368269.0
2013-03-18,68.52,68.8,67.4,67.8,956917.0
2013-03-19,68.0,68.36,67.24,67.46,546229.0
2013-03-20,67.16,67.64,66.88,67.32,508655.0
2013-03-21,67.72,68.7,67.4,68.48,817306.0
2013-03-22,68.2,68.84,67.72,68.0,564630.0
2013-03-25,67.12,67.88,62.08,67.04,940229.0
2013-03-26,66.6,66.92,66.16,66.84,420825.0
2013-03-27,66.32,67.68,66.28,67.6,615101.0
2013-03-28,67.04,67.32,66.24,66.96,514838.0
2013-04-01,66.52,66.96,64.74,65.56,619394.0
2013-04-02,64.44,64.84,62.6,62.68,995429.0
2013-04-03,62.2,62.76,57.76,58.68,2278069.0
2013-04-04,58.32,60.2,56.96,60.2,1318022.0
2013-04-05,61.32,62.6,60.68,61.6,1000072.0
2013-04-08,61.0,61.96,60.64,60.8,431098.0
2013-04-09,60.8,63.52,60.8,62.92,783359.0
2013-04-10,62.08,62.68,60.48,60.6,869494.0
2013-04-11,60.2,61.12,59.8,60.12,820040.0
2013-04-12,58.44,58.76,55.0,55.96,2503069.0
2013-04-15,52.16,52.28,48.32,48.96,3350534.0
2013-04-16,51.12,51.56,48.16,48.52,1936620.0
2013-04-17,48.4,48.96,45.28,45.92,2165647.0
2013-04-18,46.0,47.16,45.12,47.04,1936049.0
2013-04-19,48.0,48.17,46.84,48.04,961999.0
2013-04-22,48.84,49.16,47.48,48.52,964602.0
2013-04-23,47.52,47.8,46.52,47.16,947534.0
2013-04-24,47.72,50.74,47.72,50.52,1504085.0
2013-04-25,51.72,52.68,50.56,51.4,1943092.0
2013-04-26,51.84,52.04,49.56,50.0,1243993.0
2013-04-29,50.88,51.0,50.2,50.56,715018.0
2013-04-30,50.2,51.28,49.12,51.28,931639.0
2013-05-01,49.6,50.04,47.72,49.6,1673197.0
2013-05-02,49.64,50.12,48.72,49.56,597234.0
2013-05-03,49.4,50.64,48.72,48.8,1065009.0
2013-05-06,48.92,49.24,48.6,49.0,494093.0
2013-05-07,47.92,48.2,46.72,46.8,973475.0
2013-05-08,47.72,49.4,47.48,49.32,1033510.0
2013-05-09,48.12,50.72,48.0,48.48,1053173.0
2013-05-10,47.12,49.04,46.48,48.76,972837.0
2013-05-13,47.76,48.12,47.12,47.64,568363.0
2013-05-14,46.84,48.04,46.84,47.4,460042.0
2013-05-15,46.4,46.56,43.56,43.72,1400062.0
2013-05-16,43.08,44.64,42.73,44.04,926352.0
2013-05-17,43.32,43.96,41.68,41.84,1343099.0
2013-05-20,41.96,45.8,41.6,45.08,1613632.0
2013-05-21,43.8,44.24,42.6,43.36,1283914.0
2013-05-22,44.48,46.2,43.6,44.08,1720103.0
2013-05-23,45.28,45.4,43.72,45.12,909039.0
2013-05-24,44.84,45.28,43.92,44.56,771864.0
2013-05-28,44.24,45.48,43.6,44.0,759568.0
2013-05-29,44.44,46.44,44.28,46.36,961517.0
2013-05-30,47.52,49.56,47.32,49.4,1789123.0
2013-05-31,48.84,48.96,47.0,48.08,1576549.0
2013-06-03,48.76,50.76,48.52,50.24,1318674.0
2013-06-04,49.4,50.2,48.8,49.12,637355.0
2013-06-05,49.32,50.04,48.48,48.88,753283.0
2013-06-06,48.96,50.36,48.5,50.0,779752.0
2013-06-07,48.8,49.16,46.8,47.12,943530.0
2013-06-10,47.44,47.84,46.44,47.36,533532.0
2013-06-11,46.24,46.92,45.48,45.6,658723.0
2013-06-12,46.0,46.84,45.2,45.32,955527.0
2013-06-13,45.2,45.84,44.58,45.56,462361.0
2013-06-14,46.12,46.14,44.96,45.12,364492.0
2013-06-17,45.04,45.44,44.0,44.4,503293.0
2013-06-18,43.88,44.12,42.6,42.76,974036.0
2013-06-19,42.88,43.52,41.08,41.32,732534.0
2013-06-20,38.76,39.01,37.04,37.28,1720343.0
2013-06-21,38.12,38.52,37.12,38.0,1068723.0
2013-06-24,37.24,37.4,34.8,35.2,1753688.0
2013-06-25,35.12,35.96,34.88,35.36,949452.0
2013-06-26,34.08,34.28,32.84,33.04,1475494.0
2013-06-27,33.64,34.36,33.36,33.8,2044036.0
2013-06-28,33.56,37.24,33.48,36.64,2376110.0
2013-07-01,36.96,37.9,36.52,37.29,1517266.0
2013-07-02,37.01,37.85,35.34,35.84,1773024.0
2013-07-03,36.04,36.77,35.8,36.19,1159762.0
2013-07-05,34.99,35.0,33.94,34.26,1233326.0
2013-07-08,34.72,35.2,34.31,34.32,849179.0
2013-07-09,35.0,35.67,34.88,35.23,950403.0
2013-07-10,35.22,36.12,34.94,35.47,682895.0
2013-07-11,37.84,38.43,37.58,38.33,1154302.0
2013-07-12,37.73,38.24,37.54,38.01,788567.0
2013-07-15,38.1,38.19,37.38,37.62,696161.0
2013-07-16,37.86,39.23,37.65,39.18,1186630.0
2013-07-17,39.5,39.79,37.81,38.11,1109624.0
2013-07-18,38.5,38.68,37.81,37.95,764527.0
2013-07-19,38.59,39.28,38.23,39.28,563624.0
2013-07-22,41.0,42.95,40.67,42.77,1804134.0
2013-07-23,42.6,44.64,42.03,44.58,1605652.0
2013-07-24,44.0,44.62,41.54,42.14,1305844.0
2013-07-25,41.87,43.27,41.76,42.68,792540.0
2013-07-26,42.16,42.86,41.42,42.81,523035.0
2013-07-29,43.15,43.15,42.27,42.47,555553.0
2013-07-30,42.31,42.33,41.6,41.65,410093.0
2013-07-31,41.5,41.76,40.01,40.47,920676.0
2013-08-01,40.74,41.02,39.61,39.71,564857.0
2013-08-02,39.75,40.32,39.02,39.12,608188.0
2013-08-05,39.14,40.25,38.72,39.17,700971.0
2013-08-06,38.73,38.85,37.0,37.12,1212043.0
2013-08-07,36.94,37.86,35.56,37.3,635044.0
2013-08-08,38.09,41.02,37.74,40.75,1693629.0
2013-08-09,40.09,42.0,39.82,41.52,1310288.0
2013-08-12,43.49,45.64,43.35,45.15,2029736.0
2013-08-13,44.85,45.45,44.25,45.07,1436171.0
2013-08-14,45.25,47.29,44.94,47.14,1679052.0
2013-08-15,46.5,49.61,45.92,49.6,2087943.0
2013-08-16,49.89,51.16,48.45,48.85,1657579.0
2013-08-19,49.2,49.3,47.87,48.41,1784221.0
2013-08-20,48.63,49.89,48.43,49.77,1455584.0
2013-08-21,49.12,49.51,48.21,48.31,1230087.0
2013-08-22,48.74,49.71,48.5,48.62,637148.0
2013-08-23,48.95,51.28,48.95,51.26,1096172.0
2013-08-26,51.88,52.86,51.5,52.46,1154902.0
2013-08-27,53.52,54.56,49.62,49.73,2031789.0
2013-08-28,50.6,51.1,48.71,49.02,1506820.0
2013-08-29,48.34,49.81,46.98,49.0,1608572.0
2013-08-30,48.04,49.11,47.6,48.16,1051222.0
2013-09-03,48.78,48.92,48.14,48.62,755346.0
2013-09-04,47.98,48.44,47.52,48.25,554084.0
2013-09-05,47.94,48.0,45.32,46.07,1617856.0
2013-09-06,47.1,47.75,46.66,47.42,869262.0
2013-09-09,47.87,48.31,47.12,47.3,360336.0
2013-09-10,45.95,45.97,45.04,45.25,1122865.0
2013-09-11,45.08,45.58,44.27,45.47,683596.0
2013-09-12,43.72,43.72,42.15,42.24,1488628.0
2013-09-13,42.35,43.24,41.76,42.83,1222679.0
2013-09-16,42.79,43.58,42.37,42.4,837549.0
2013-09-17,42.68,42.74,42.13,42.73,525527.0
2013-09-18,42.02,47.83,41.34,47.55,2394643.0
2013-09-19,47.93,48.21,44.83,45.65,1577564.0
2013-09-20,44.63,44.74,41.46,41.48,2268894.0
2013-09-23,41.5,42.39,40.4,40.7,1439576.0
2013-09-24,40.08,41.49,39.75,40.76,1837393.0
2013-09-25,41.35,43.15,41.21,42.59,862399.0
2013-09-26,42.34,42.97,41.11,41.53,531694.0
2013-09-27,42.13,42.57,41.5,41.63,343588.0
2013-09-30,40.88,41.77,40.66,40.74,655552.0
2013-10-01,39.49,39.77,39.08,39.46,1007997.0
2013-10-02,39.92,41.05,39.91,40.21,761108.0
2013-10-03,40.13,40.5,39.6,39.72,404553.0
2013-10-04,39.02,39.3,38.01,38.7,1259164.0
2013-10-07,37.9,38.88,37.52,38.52,853277.0
2013-10-08,38.31,38.8,36.91,37.02,972531.0
2013-10-09,37.02,37.04,35.83,36.54,1245450.0
2013-10-10,36.53,36.95,36.0,36.11,630764.0
2013-10-11,35.91,35.91,34.9,35.02,1329456.0
2013-10-14,35.3,35.67,34.81,34.93,570942.0
2013-10-15,34.9,35.98,34.82,35.73,696331.0
2013-10-16,35.56,35.86,35.08,35.34,525337.0
2013-10-17,36.99,37.97,36.88,37.38,1538740.0
2013-10-18,37.38,37.72,36.75,36.89,739436.0
2013-10-21,37.15,38.42,37.15,38.35,1561825.0
2013-10-22,39.42,40.83,39.26,40.76,1722723.0
2013-10-23,40.09,40.5,39.45,39.5,965658.0
2013-10-24,40.14,41.44,39.95,41.14,1230368.0
2013-10-25,40.99,41.64,40.5,41.48,1023796.0
2013-10-28,41.39,41.92,40.98,41.11,824459.0
2013-10-29,41.03,41.1,39.26,39.26,1265706.0
2013-10-30,40.0,40.71,38.15,39.7,761481.0
2013-10-31,38.5,38.71,37.52,37.58,1599498.0
2013-11-01,37.26,37.49,36.24,36.4,1184099.0
2013-11-04,36.73,37.35,36.41,37.23,1007781.0
2013-11-05,37.06,37.34,36.32,36.62,533830.0
2013-11-06,37.08,37.38,36.87,37.15,500432.0
2013-11-07,36.41,36.64,35.63,35.74,999425.0
2013-11-08,35.1,36.14,34.35,36.0,1272662.0
2013-11-11,35.79,36.02,35.15,35.85,423686.0
2013-11-12,35.47,36.09,34.69,35.03,1272457.0
2013-11-13,35.37,35.5,35.0,35.41,774314.0
2013-11-14,35.82,36.71,35.74,36.42,1441656.0
2013-11-15,36.46,36.69,35.84,35.98,761861.0
2013-11-18,35.52,35.76,35.02,35.2,1606087.0
2013-11-19,35.45,35.45,34.91,35.0,500523.0
2013-11-20,34.31,34.93,33.02,33.38,2679100.0
2013-11-21,33.08,33.31,32.34,33.14,1716210.0
2013-11-22,33.14,33.62,32.44,32.5,944740.0
2013-11-25,31.98,32.67,31.41,32.15,1202705.0
2013-11-26,31.9,32.0,31.45,31.5,1369267.0
2013-11-27,31.47,31.96,31.28,31.4,739538.0
2013-11-29,31.89,32.87,31.64,32.5,890749.0
2013-12-02,31.73,32.21,30.13,30.26,1845232.0
2013-12-03,30.14,30.35,29.2,29.26,1434296.0
2013-12-04,29.54,30.57,29.1,30.23,1841761.0
2013-12-05,29.31,29.92,29.11,29.17,1358278.0
2013-12-06,29.59,29.97,28.87,28.89,1446401.0
2013-12-09,29.07,29.73,29.06,29.69,1556912.0
2013-12-10,30.92,31.25,30.75,30.9,2742370.0
2013-12-11,30.79,31.02,29.96,30.12,1234881.0
2013-12-12,29.06,29.97,28.96,29.9,1684469.0
2013-12-13,30.17,30.52,29.93,30.23,917792.0
2013-12-16,30.27,31.2,30.07,30.68,1536236.0
2013-12-17,30.19,30.68,29.88,30.06,1270656.0
2013-12-18,29.97,31.19,29.62,29.88,2254113.0
2013-12-19,29.15,29.44,28.85,29.02,1497870.0
2013-12-20,29.17,29.45,28.95,29.28,1405417.0
2013-12-23,29.19,29.44,28.82,28.85,1171085.0
2013-12-24,28.94,30.01,28.89,29.96,989371.0
2013-12-26,30.4,30.57,29.74,29.95,756966.0
2013-12-27,30.21,30.77,30.02,30.72,1177406.0
2013-12-30,30.44,30.73,30.06,30.1,1168745.0
2013-12-31,29.8,31.12,29.7,31.05,1533692.0
2014-01-02,31.98,32.78,31.98,32.7,2198131.0
2014-01-03,32.97,33.2,32.54,32.65,1067968.0
2014-01-06,32.88,33.4,32.56,32.79,734864.0
2014-01-07,32.28,32.58,31.85,32.46,1053942.0
2014-01-08,31.93,32.12,31.61,31.71,935233.0
2014-01-09,31.73,31.73,31.05,31.09,956134.0
2014-01-10,31.7,32.71,31.62,32.7,1510503.0
2014-01-13,32.71,34.69,32.7,34.5,3391494.0
2014-01-14,34.38,34.99,33.55,33.76,2683029.0
2014-01-15,33.43,34.18,33.2,34.07,1245377.0
2014-01-16,34.3,34.71,34.24,34.54,1808088.0
2014-01-17,35.24,36.69,35.18,36.58,4115801.0
2014-01-21,35.99,38.16,35.84,37.98,3463577.0
2014-01-22,37.88,37.88,36.1,36.25,3347537.0
2014-01-23,37.25,38.22,36.97,37.1,3789186.0
2014-01-24,37.65,37.85,35.14,36.26,2883389.0
2014-01-27,36.08,36.18,34.28,34.36,3045020.0
2014-01-28,34.88,35.33,34.3,35.3,1959567.0
2014-01-29,35.88,36.86,35.2,36.81,3212419.0
2014-01-30,35.78,35.95,35.21,35.45,2701591.0
2014-01-31,36.13,36.13,34.83,35.39,1672843.0
2014-02-03,35.8,36.74,35.32,35.39,2434659.0
2014-02-04,35.1,36.74,35.1,36.6,2737809.0
2014-02-05,37.22,37.3,36.0,36.04,1957537.0
2014-02-06,36.48,36.88,36.07,36.48,2188623.0
2014-02-07,36.84,38.39,36.58,38.35,3766010.0
2014-02-10,39.55,40.3,39.16,39.96,4396649.0
2014-02-11,40.61,42.0,40.34,41.83,5060691.0
2014-02-12,41.78,41.82,39.75,40.0,4288176.0
2014-02-13,40.33,42.65,40.0,42.5,6291106.0
2014-02-14,43.81,44.6,43.3,44.04,6540690.0
2014-02-18,44.09,44.27,43.01,43.48,4390784.0
2014-02-19,42.94,43.66,40.38,40.52,6036184.0
2014-02-20,40.86,43.47,40.79,43.13,6338311.0
2014-02-21,43.04,43.45,42.02,42.91,2820896.0
2014-02-24,43.77,44.21,43.55,43.78,3013632.0
2014-02-25,43.41,43.51,42.41,42.53,3135629.0
2014-02-26,41.93,42.2,40.63,41.17,3515667.0
2014-02-27,41.34,42.4,40.71,41.17,2692481.0
2014-02-28,41.27,41.66,40.81,41.34,2092229.0
2014-03-03,43.47,43.58,41.92,41.95,3433576.0
2014-03-04,41.0,42.16,40.96,41.88,1795946.0
2014-03-05,42.03,43.05,41.75,42.63,2785929.0
2014-03-06,43.42,43.65,43.05,43.55,3039369.0
2014-03-07,42.27,42.67,42.05,42.5,2768754.0
2014-03-10,42.25,42.35,41.2,41.38,2885392.0
2014-03-11,42.19,42.4,41.29,41.61,2281439.0
2014-03-12,42.8,43.29,42.37,43.25,4375194.0
2014-03-13,43.25,45.09,43.06,44.83,5089724.0
2014-03-14,45.85,46.0,44.25,44.62,4388224.0
2014-03-17,44.33,44.77,42.56,42.58,5495493.0
2014-03-18,41.73,42.78,41.11,41.6,3951300.0
2014-03-19,41.16,41.54,39.44,39.47,4910723.0
2014-03-20,38.94,40.79,38.77,39.9,4295163.0
2014-03-21,40.78,41.23,39.58,39.85,2444487.0
2014-03-24,38.85,38.96,36.89,37.18,7686277.0
2014-03-25,37.55,38.26,37.41,37.98,3857077.0
2014-03-26,38.0,38.3,35.85,35.85,6244177.0
2014-03-27,35.81,37.19,35.71,37.11,4117347.0
2014-03-28,36.7,37.95,36.47,37.29,3656672.0
2014-03-31,37.03,37.5,36.05,36.22,4494939.0
2014-04-01,36.48,37.06,35.81,35.81,2688180.0
2014-04-02,37.14,38.02,36.93,37.77,6942142.0
2014-04-03,37.15,37.2,36.56,36.87,3617494.0
2014-04-04,38.09,38.28,37.28,37.5,3386571.0
2014-04-07,37.12,38.05,36.6,36.66,3179314.0
2014-04-08,37.68,38.24,37.09,38.15,4254208.0
2014-04-09,37.74,39.0,37.41,38.4,2705287.0
2014-04-10,39.0,39.16,37.53,37.56,4494290.0
2014-04-11,37.5,38.07,36.35,36.54,4437192.0
2014-04-14,37.06,37.73,36.8,37.0,3947588.0
2014-04-15,35.42,35.82,34.92,35.63,5085780.0
2014-04-16,35.75,36.04,35.19,35.5,1471821.0
2014-04-17,35.39,35.73,34.52,34.66,3279185.0
2014-04-21,34.53,34.98,33.77,34.84,4555914.0
2014-04-22,34.73,35.83,34.3,35.79,3803917.0
2014-04-23,35.71,37.19,35.52,36.9,5470248.0
2014-04-24,36.28,37.37,35.78,35.86,3890745.0
2014-04-25,36.41,37.51,36.21,37.44,4555451.0
2014-04-28,37.26,37.37,36.01,36.15,5234018.0
2014-04-29,36.07,37.33,36.07,37.15,4395134.0
2014-04-30,36.74,37.09,36.29,36.5,3471839.0
2014-05-01,35.9,36.32,35.42,35.63,4575093.0
2014-05-02,35.71,36.85,35.71,36.62,4310456.0
2014-05-05,37.37,37.48,36.8,37.06,2662768.0
2014-05-06,37.02,37.09,36.68,36.73,2130577.0
2014-05-07,36.56,36.57,35.18,35.5,4947733.0
2014-05-08,35.34,35.96,35.19,35.33,2106382.0
2014-05-09,35.47,35.61,34.57,35.07,3622586.0
2014-05-12,35.72,35.77,35.24,35.46,3014432.0
2014-05-13,35.42,35.91,35.09,35.22,2231051.0
2014-05-14,35.86,36.04,35.51,35.86,3580281.0
2014-05-15,35.6,35.67,34.75,35.15,3858732.0
2014-05-16,35.0,35.24,34.7,35.12,2576479.0
2014-05-19,35.49,35.5,34.69,35.03,3280484.0
2014-05-20,34.74,35.15,34.58,34.81,1941359.0
2014-05-21,34.57,35.19,34.44,35.17,2217405.0
2014-05-22,35.54,35.57,35.03,35.29,1493479.0
2014-05-23,35.11,35.28,34.8,34.91,1827999.0
2014-05-27,34.23,34.29,33.05,33.23,6526811.0
2014-05-28,33.04,33.3,32.43,33.1,7590215.0
2014-05-29,32.93,33.81,32.92,33.4,4530496.0
2014-05-30,33.25,34.19,32.71,34.11,4610739.0
2014-06-02,33.64,34.27,33.18,33.37,4473903.0
2014-06-03,33.41,33.74,32.79,33.67,2465831.0
2014-06-04,33.63,33.86,33.41,33.53,1527862.0
2014-06-05,33.86,34.56,33.8,34.39,4078677.0
2014-06-06,34.41,34.97,34.0,34.91,3782822.0
2014-06-09,35.0,35.19,34.76,34.8,1487599.0
2014-06-10,35.28,36.38,35.1,36.38,6739981.0
2014-06-11,36.49,37.54,36.15,37.46,5419566.0
2014-06-12,37.63,39.71,37.61,39.63,10004002.0
2014-06-13,39.42,39.64,38.24,39.45,6484199.0
2014-06-16,39.69,39.71,38.58,38.68,5560157.0
2014-06-17,38.1,39.13,37.9,38.47,3815804.0
2014-06-18,38.58,40.39,38.43,40.23,8698403.0
2014-06-19,41.45,43.52,41.3,43.07,13958444.0
2014-06-20,42.48,42.87,40.78,41.24,12371817.0
2014-06-23,41.63,42.54,41.12,41.99,6532024.0
2014-06-24,42.4,42.84,39.83,40.0,9583891.0
2014-06-25,40.25,41.49,40.13,41.19,7974195.0
2014-06-26,40.72,41.42,40.47,41.28,2729590.0
2014-06-27,41.44,41.67,40.31,40.54,5666996.0
2014-06-30,40.3,42.43,39.93,42.26,9301477.0
2014-07-01,42.36,42.78,41.3,41.31,8091627.0
2014-07-02,41.46,42.6,41.46,41.55,7300465.0
2014-07-03,40.84,42.9,40.63,42.9,7631983.0
2014-07-07,41.97,42.69,41.68,42.02,7062774.0
2014-07-08,42.62,43.32,42.02,42.72,7821573.0
2014-07-09,43.09,45.25,43.09,45.03,11505354.0
2014-07-10,46.45,46.5,43.56,43.66,10261769.0
2014-07-11,43.76,45.56,43.71,45.53,8440042.0
2014-07-14,43.47,44.25,43.01,43.35,11509878.0
2014-07-15,43.66,44.09,41.44,41.47,12511846.0
2014-07-16,41.89,42.7,41.3,41.45,5435591.0
2014-07-17,42.12,44.68,41.76,44.49,18451216.0
2014-07-18,43.24,43.76,42.54,43.7,10154755.0
2014-07-21,44.04,44.39,43.16,44.14,5154805.0
2014-07-22,43.91,44.09,42.77,42.89,7596954.0
2014-07-23,42.96,43.62,41.82,42.33,7411652.0
2014-07-24,41.69,41.7,40.43,40.97,10530055.0
2014-07-25,41.2,43.0,41.01,42.89,11420785.0
2014-07-28,42.4,44.16,42.4,43.52,7682826.0
2014-07-29,43.92,43.92,42.44,42.5,9565652.0
2014-07-30,42.48,42.98,41.72,42.87,7752363.0
2014-07-31,41.86,42.36,41.47,41.6,9293415.0
2014-08-01,42.36,42.79,41.76,42.15,7742086.0
2014-08-04,41.76,42.15,40.62,40.68,9966297.0
2014-08-05,40.72,41.4,39.7,41.33,10563450.0
2014-08-06,42.48,42.76,41.65,42.42,9533805.0
2014-08-07,42.22,42.88,41.65,42.36,5229436.0
2014-08-08,42.5,42.73,41.64,41.83,5970459.0
2014-08-11,41.68,42.74,41.68,42.48,5523584.0
2014-08-12,42.94,43.35,42.46,42.61,5977929.0
2014-08-13,42.81,43.16,42.31,42.46,3195612.0
2014-08-14,42.77,42.95,41.95,41.99,5101674.0
2014-08-15,41.26,42.59,41.17,42.3,6672800.0
2014-08-18,41.87,42.53,41.86,42.34,2836290.0
2014-08-19,42.57,42.57,41.77,41.8,4757691.0
2014-08-20,41.99,42.31,41.51,41.51,3207582.0
2014-08-21,40.77,41.26,40.55,41.19,7644131.0
2014-08-22,41.19,41.54,40.85,40.94,3594257.0
2014-08-25,40.89,40.89,40.24,40.25,4312456.0
2014-08-26,40.81,41.28,40.39,41.13,6977137.0
2014-08-27,41.26,41.4,40.89,41.01,2662941.0
2014-08-28,41.57,41.92,41.31,41.64,4949281.0
2014-08-29,41.57,42.15,41.47,42.1,3269714.0
2014-09-02,40.99,41.25,40.14,40.16,11103794.0
2014-09-03,40.39,40.7,40.23,40.37,5799462.0
2014-09-04,40.66,40.76,37.81,38.16,15836495.0
2014-09-05,38.45,39.58,37.82,39.3,8694649.0
2014-09-08,38.8,38.8,37.12,37.26,12302296.0
2014-09-09,37.3,38.74,36.76,38.45,10882723.0
2014-09-10,37.8,38.34,37.19,37.6,9373206.0
2014-09-11,37.2,38.8,36.79,38.49,13183241.0
2014-09-12,37.73,38.22,37.43,37.49,8285685.0
2014-09-15,37.8,38.65,37.61,38.54,9978173.0
2014-09-16,38.56,39.62,37.9,39.12,7771946.0
2014-09-17,39.1,39.57,37.27,37.6,11358262.0
2014-09-18,37.5,38.03,37.28,37.68,7310480.0
2014-09-19,37.54,37.61,36.19,36.34,11207689.0
2014-09-22,36.02,36.1,34.22,34.58,13824123.0
2014-09-23,35.41,36.17,34.75,35.56,11296924.0
2014-09-24,35.17,35.83,34.65,35.05,6836063.0
2014-09-25,34.39,35.88,34.25,35.78,8510556.0
2014-09-26,35.36,35.58,34.6,34.79,7405207.0
2014-09-29,35.02,35.12,34.62,34.65,4048451.0
2014-09-30,34.33,34.85,33.5,33.62,10262066.0
2014-10-01,33.85,34.56,33.75,33.84,7120882.0
2014-10-02,34.04,34.17,33.39,33.67,5282893.0
2014-10-03,32.88,33.04,31.28,31.33,16597580.0
2014-10-06,31.66,33.16,31.36,32.87,12234065.0
2014-10-07,32.99,33.13,31.28,31.44,12843992.0
2014-10-08,32.08,34.82,30.39,34.46,25158121.0
2014-10-09,34.31,34.31,31.8,32.9,18442709.0
2014-10-10,32.65,33.83,31.92,32.5,9295321.0
2014-10-13,32.96,34.18,32.87,33.1,11324609.0
2014-10-14,33.24,33.78,32.76,33.05,6613704.0
2014-10-15,33.22,34.1,32.58,33.07,7110832.0
2014-10-16,32.68,33.83,32.68,33.28,4408583.0
2014-10-17,33.31,33.31,32.28,32.5,7225963.0
2014-10-20,32.82,33.02,32.5,32.84,4455774.0
2014-10-21,33.33,33.44,32.65,32.83,4210478.0
2014-10-22,32.43,32.55,31.05,31.09,13880669.0
2014-10-23,30.73,31.67,29.86,31.6,12708409.0
2014-10-24,31.6,31.6,30.73,30.95,6757314.0
2014-10-27,30.53,30.6,29.57,29.57,8490195.0
2014-10-28,30.29,30.98,29.75,30.82,11811617.0
2014-10-29,30.3,30.9,28.49,28.6,19289866.0
2014-10-30,28.27,28.42,26.11,26.16,24298956.0
2014-10-31,24.55,25.55,23.98,24.47,26053483.0
2014-11-03,24.61,26.33,24.4,25.91,22998318.0
2014-11-04,25.75,26.08,24.39,24.51,20896244.0
2014-11-05,23.38,24.28,22.34,22.71,31198585.0
2014-11-06,23.26,24.61,23.13,23.39,28702049.0
2014-11-07,24.16,26.22,24.09,26.04,40705631.0
2014-11-10,25.37,25.56,23.66,24.18,33851402.0
2014-11-11,24.83,26.44,24.68,25.73,30838669.0
2014-11-12,26.0,26.74,24.77,25.6,14866356.0
2014-11-13,26.05,26.16,24.52,24.67,18626999.0
2014-11-14,24.04,26.53,23.86,26.35,28446112.0
2014-11-17,26.04,27.63,25.67,27.5,22367724.0
2014-11-18,28.3,29.76,28.22,29.36,26602214.0
2014-11-19,29.37,29.48,27.15,27.26,39811930.0
2014-11-20,28.35,29.05,27.77,28.5,25874846.0
2014-11-21,29.61,29.78,28.42,28.8,17955857.0
2014-11-24,28.73,29.34,28.49,28.51,9112899.0
2014-11-25,28.68,29.36,28.57,29.31,16192311.0
2014-11-26,29.24,29.45,28.62,28.62,10323946.0
2014-11-28,27.07,27.11,25.1,25.2,28828285.0
2014-12-01,26.16,28.01,25.89,27.68,31531516.0
2014-12-02,26.53,27.1,25.4,25.85,24310224.0
2014-12-03,26.41,27.24,26.25,26.32,21555876.0
2014-12-04,26.56,26.8,25.55,25.69,13892825.0
2014-12-05,24.84,25.4,24.56,24.67,16406112.0
2014-12-08,25.14,25.59,23.49,25.1,22101521.0
2014-12-09,26.08,26.79,25.89,26.1,21518992.0
2014-12-10,26.03,26.63,25.16,25.2,20672596.0
2014-12-11,24.75,25.62,24.55,24.61,16985794.0
2014-12-12,24.52,24.7,23.84,24.04,15330332.0
2014-12-15,23.46,23.92,21.98,22.06,33554852.0
2014-12-16,22.89,23.15,21.4,21.47,18161945.0
2014-12-17,21.61,23.32,21.47,23.0,29720025.0
2014-12-18,23.53,24.98,23.08,24.79,29892887.0
2014-12-19,24.58,24.72,23.77,24.15,22584407.0
2014-12-22,23.75,23.89,22.03,22.23,26310379.0
2014-12-23,22.38,23.33,21.6,21.84,18563452.0
2014-12-24,21.73,23.0,21.6,22.58,14858669.0
2014-12-26,23.59,23.67,23.07,23.45,12846750.0
2014-12-29,23.3,23.37,22.73,22.9,13936658.0
2014-12-30,23.47,24.21,23.35,24.12,22044449.0
2014-12-31,23.82,24.37,23.38,23.93,9126655.0
2015-01-02,23.35,25.01,23.26,24.96,17181725.0
2015-01-05,25.45,26.37,24.92,26.03,16481435.0
2015-01-06,26.5,28.07,26.34,27.73,28555850.0
2015-01-07,26.94,28.11,26.58,26.91,14134936.0
2015-01-08,27.08,27.66,25.91,26.32,15292147.0
2015-01-09,27.05,27.64,26.83,27.48,18461105.0
2015-01-12,27.85,29.26,27.68,28.94,19137779.0
2015-01-13,29.61,29.63,27.43,27.84,20518280.0
2015-01-14,28.5,28.65,26.53,27.25,16920159.0
2015-01-15,28.42,28.96,28.21,28.58,21063765.0
2015-01-16,28.8,29.49,28.61,28.89,12681806.0
2015-01-20,29.67,30.21,29.43,30.1,14868636.0
2015-01-21,30.58,30.74,28.94,29.65,15948030.0
2015-01-22,30.05,30.14,29.01,29.07,13757312.0
2015-01-23,28.7,28.94,27.53,27.62,18003283.0
2015-01-26,27.09,28.38,26.84,28.36,13277481.0
2015-01-27,28.57,29.5,28.38,29.42,14783592.0
2015-01-28,28.83,29.11,27.41,27.63,21107564.0
2015-01-29,26.95,27.29,25.95,26.59,19734504.0
2015-01-30,26.9,27.83,26.46,27.74,19067837.0
2015-02-02,26.98,28.22,26.89,27.55,15603414.0
2015-02-03,27.34,27.68,26.6,26.83,16333991.0
2015-02-04,27.25,27.82,26.95,27.55,11304737.0
2015-02-05,27.35,28.31,27.21,28.11,11893584.0
2015-02-06,26.92,27.53,26.64,26.64,20187131.0
2015-02-09,27.06,27.41,26.99,27.25,10322046.0
2015-02-10,27.03,27.05,26.65,26.72,9910247.0
2015-02-11,26.87,26.96,26.16,26.3,10190783.0
2015-02-12,26.69,26.93,26.47,26.62,9187079.0
2015-02-13,27.05,27.33,26.97,27.0,9005955.0
2015-02-17,26.33,26.55,26.08,26.15,12601281.0
2015-02-18,26.15,26.97,25.76,26.86,13788556.0
2015-02-19,26.75,27.04,26.18,26.25,11128075.0
2015-02-20,26.44,26.71,25.83,25.83,8497744.0
2015-02-23,25.52,26.31,25.52,25.75,7264586.0
2015-02-24,25.53,26.01,25.35,25.82,5923334.0
2015-02-25,26.16,26.48,26.02,26.17,11375521.0
2015-02-26,26.78,26.8,26.2,26.37,7674321.0
2015-02-27,26.62,26.87,26.43,26.57,6442865.0
2015-03-02,26.73,26.82,25.99,26.15,10394836.0
2015-03-03,26.22,26.52,25.69,25.86,8166121.0
2015-03-04,25.83,25.95,25.21,25.25,11332442.0
2015-03-05,25.41,25.76,25.12,25.26,5222195.0
2015-03-06,24.28,24.46,23.34,23.43,23216374.0
2015-03-09,23.6,23.6,22.17,22.18,21109447.0
2015-03-10,22.19,22.4,20.68,21.29,29643199.0
2015-03-11,21.24,22.44,20.7,22.4,31411848.0
2015-03-12,22.66,22.8,21.88,21.99,19475521.0
2015-03-13,22.32,22.43,21.54,22.41,15163159.0
2015-03-16,22.35,22.53,21.87,22.09,11483566.0
2015-03-17,21.62,22.38,21.51,21.61,12870642.0
2015-03-18,21.67,23.24,21.41,23.2,21488733.0
2015-03-19,22.85,23.48,22.65,23.22,13806590.0
2015-03-20,23.51,24.37,23.43,24.1,16225732.0
2015-03-23,24.36,24.84,24.25,24.79,13714672.0
2015-03-24,24.92,24.93,24.53,24.86,7482859.0
2015-03-25,25.07,25.24,24.51,24.53,10267501.0
2015-03-26,24.97,25.14,23.82,23.97,15289718.0
2015-03-27,23.86,24.04,23.37,23.58,10944577.0
2015-03-30,23.12,23.24,22.69,22.82,13022285.0
2015-03-31,22.99,23.16,22.43,22.7,11442563.0
2015-04-01,23.02,24.11,22.95,24.09,23133175.0
2015-04-02,23.91,24.14,23.38,23.7,12340943.0
2015-04-06,24.75,24.99,24.54,24.87,17404652.0
2015-04-07,24.66,24.78,24.18,24.3,12713447.0
2015-04-08,24.35,24.49,23.74,23.89,11246595.0
2015-04-09,23.73,23.76,23.46,23.62,7251212.0
2015-04-10,24.16,24.44,24.13,24.34,10466506.0
2015-04-13,24.33,24.42,23.78,23.88,9210684.0
2015-04-14,23.91,24.32,23.81,23.94,6013570.0
2015-04-15,24.17,25.08,24.05,25.02,15086889.0
2015-04-16,25.08,25.31,24.43,24.74,9122898.0
2015-04-17,24.72,25.04,24.56,24.62,6175519.0
2015-04-20,24.34,24.8,24.21,24.78,6870145.0
2015-04-21,24.69,25.22,24.61,25.06,7685536.0
2015-04-22,24.88,25.05,24.23,24.24,12175272.0
2015-04-23,24.31,25.0,24.25,24.86,10812002.0
2015-04-24,24.62,24.92,24.19,24.21,11069956.0
2015-04-27,24.43,25.23,24.38,24.93,14990379.0
2015-04-28,25.08,25.9,25.06,25.87,15620793.0
2015-04-29,25.87,26.4,25.55,25.73,12850639.0
2015-04-30,25.17,25.17,24.73,24.94,15023382.0
2015-05-01,24.7,25.08,24.53,25.04,4896036.0
2015-05-04,25.6,25.78,25.34,25.7,10127518.0
2015-05-05,25.91,26.06,25.16,25.38,8383702.0
2015-05-06,25.53,25.57,24.83,24.98,8815754.0
2015-05-07,24.73,25.07,24.42,25.03,7356888.0
2015-05-08,25.25,25.46,24.86,25.28,7366489.0
2015-05-11,25.36,25.65,25.02,25.43,7770414.0
2015-05-12,25.54,25.94,25.5,25.88,9936280.0
2015-05-13,26.36,26.79,26.2,26.6,13516793.0
2015-05-14,26.86,27.29,26.48,26.51,9799604.0
2015-05-15,26.48,27.0,26.25,26.7,5814076.0
2015-05-18,26.92,27.04,26.58,26.71,5672861.0
2015-05-19,26.29,26.43,25.83,25.85,12160628.0
2015-05-20,26.0,26.44,25.98,26.27,8221235.0
2015-05-21,26.08,26.33,25.97,26.02,5131795.0
2015-05-22,26.05,26.28,25.9,26.03,3620042.0
2015-05-26,25.44,25.61,25.24,25.3,10747461.0
2015-05-27,25.31,25.56,25.14,25.52,4791794.0
2015-05-28,25.31,25.79,25.09,25.75,7884150.0
2015-05-29,25.73,25.97,25.56,25.68,4244420.0
2015-06-01,26.01,26.15,25.51,25.58,5347209.0
2015-06-02,25.85,26.15,25.69,26.03,9261854.0
2015-06-03,25.88,26.12,25.58,25.71,7506442.0
2015-06-04,25.45,25.52,25.21,25.23,7125096.0
2015-06-05,24.87,25.18,24.77,24.97,6993674.0
2015-06-08,25.14,25.46,24.95,25.41,6666269.0
2015-06-09,25.64,25.65,24.41,25.16,4758906.0
2015-06-10,25.55,25.74,25.36,25.52,6363662.0
2015-06-11,25.27,25.34,24.99,25.05,7447890.0
2015-06-12,24.96,25.14,24.71,24.81,5829780.0
2015-06-15,24.82,25.24,24.66,24.9,4888227.0
2015-06-16,24.68,24.92,24.58,24.71,4041764.0
2015-06-17,24.7,25.56,24.64,25.49,10404263.0
2015-06-18,25.94,26.01,25.73,25.89,10706257.0
2015-06-19,25.78,25.84,25.33,25.56,6732279.0
2015-06-22,25.2,25.47,25.04,25.07,9777427.0
2015-06-23,25.0,25.31,24.93,25.01,5726794.0
2015-06-24,24.9,25.17,24.87,25.03,3553773.0
2015-06-25,25.03,25.15,24.86,24.87,4753583.0
2015-06-26,24.81,24.97,24.75,24.86,3322235.0
2015-06-29,24.93,25.07,24.42,24.46,6309410.0
2015-06-30,24.29,24.59,24.08,24.15,6379676.0
2015-07-01,24.15,24.15,23.15,23.2,12840210.0
2015-07-02,23.31,23.87,23.3,23.84,8963108.0
2015-07-06,23.54,24.0,23.37,23.72,5102002.0
2015-07-07,23.12,23.23,22.38,22.51,14095728.0
2015-07-08,22.71,22.74,22.0,22.03,9138904.0
2015-07-09,22.6,22.77,22.2,22.23,8455791.0
2015-07-10,22.43,22.47,22.09,22.28,3786869.0
2015-07-13,22.0,22.89,21.82,22.83,9778705.0
2015-07-14,22.75,22.94,22.5,22.54,6641753.0
2015-07-15,22.27,22.38,21.99,22.12,8773936.0
2015-07-16,21.96,22.25,21.89,22.07,3896077.0
2015-07-17,21.9,21.94,20.94,21.1,13803211.0
2015-07-20,20.05,20.32,18.42,18.66,35206608.0
2015-07-21,18.97,19.69,18.96,19.39,14485322.0
2015-07-22,18.77,19.42,18.62,19.14,14785911.0
2015-07-23,19.35,19.43,18.38,18.55,17135822.0
2015-07-24,18.21,19.64,17.92,19.49,29853532.0
2015-07-27,19.48,20.18,18.69,18.81,18819612.0
2015-07-28,19.05,19.35,18.98,19.25,12965959.0
2015-07-29,19.16,19.8,18.91,19.66,14973858.0
2015-07-30,19.28,19.54,18.86,18.98,14504493.0
2015-07-31,19.49,19.59,19.14,19.34,9433269.0
2015-08-03,19.12,19.26,18.62,18.74,11806307.0
2015-08-04,18.9,19.17,18.69,18.94,9601974.0
2015-08-05,19.11,19.18,18.41,18.48,11302136.0
2015-08-06,18.61,19.16,18.55,18.99,8945253.0
2015-08-07,18.94,19.56,18.77,18.87,8979472.0
2015-08-10,19.05,19.99,18.84,19.95,17511541.0
2015-08-11,20.15,20.65,19.71,20.61,12743093.0
2015-08-12,21.06,22.27,20.97,22.26,19287299.0
2015-08-13,21.5,21.82,20.7,20.87,24587493.0
2015-08-14,21.25,21.41,20.48,20.89,8075131.0
2015-08-17,21.25,21.57,21.09,21.44,11603119.0
2015-08-18,20.99,21.2,20.62,20.92,12545127.0
2015-08-19,21.04,21.7,21.04,21.62,13888412.0
2015-08-20,22.33,22.74,22.15,22.37,14473929.0
2015-08-21,22.72,22.72,21.26,21.54,16163251.0
2015-08-24,21.22,21.35,19.61,19.77,21720135.0
2015-08-25,20.39,20.43,19.12,19.3,13401380.0
2015-08-26,18.98,19.07,18.23,18.31,19576943.0
2015-08-27,18.47,19.65,18.3,19.5,20703383.0
2015-08-28,19.59,20.67,19.55,20.48,20453722.0
2015-08-31,20.13,20.4,19.57,20.34,10169700.0
2015-09-01,20.52,20.75,19.67,19.72,10361743.0
2015-09-02,19.83,20.16,19.28,19.63,9637842.0
2015-09-03,19.25,20.1,19.2,19.22,10448461.0
2015-09-04,19.11,19.52,18.86,19.44,11084558.0
2015-09-08,19.67,19.87,19.34,19.76,7744700.0
2015-09-09,19.32,19.59,18.87,19.02,11843234.0
2015-09-10,19.22,19.33,18.88,18.97,4936002.0
2015-09-11,18.79,19.34,18.38,19.19,9600089.0
2015-09-14,19.12,19.56,18.91,19.36,6939109.0
2015-09-15,19.31,19.59,19.18,19.29,4884056.0
2015-09-16,19.72,20.47,19.68,20.41,13501578.0
2015-09-17,20.27,21.22,20.06,21.17,14874441.0
2015-09-18,21.46,21.67,20.76,21.03,8723446.0
2015-09-21,20.78,20.91,20.3,20.38,8090647.0
2015-09-22,19.97,20.1,19.56,19.66,10424986.0
2015-09-23,20.02,20.07,19.5,19.57,8260484.0
2015-09-24,19.99,20.85,19.9,20.57,17791613.0
2015-09-25,20.23,20.48,19.96,20.11,8223370.0
2015-09-28,19.6,19.85,19.14,19.25,11146462.0
2015-09-29,19.42,19.72,19.12,19.28,5839537.0
2015-09-30,19.06,19.63,19.02,19.59,9735183.0
2015-10-01,19.64,19.99,19.04,19.19,8016901.0
2015-10-02,19.85,20.5,19.81,20.46,15987876.0
2015-10-05,20.54,20.96,20.48,20.81,12174798.0
2015-10-06,21.35,21.64,21.06,21.38,11844491.0
2015-10-07,21.55,21.58,20.95,21.37,8030680.0
2015-10-08,21.0,21.88,20.87,20.97,9941812.0
2015-10-09,21.65,22.11,21.42,22.0,15652147.0
2015-10-12,22.57,22.57,21.46,21.78,12500538.0
2015-10-13,21.61,22.12,21.43,21.6,6444573.0
2015-10-14,22.1,23.34,22.04,23.22,21033591.0
2015-10-15,22.77,23.58,22.61,23.3,8533403.0
2015-10-16,23.25,23.42,22.49,22.54,9514806.0
2015-10-19,22.4,22.46,21.25,21.49,17087348.0
2015-10-20,21.72,22.68,21.69,22.32,18098732.0
2015-10-21,22.21,22.25,21.56,21.8,10321391.0
2015-10-22,21.67,22.3,21.62,21.93,7916970.0
2015-10-23,22.2,22.75,21.73,22.57,11170567.0
2015-10-26,22.6,22.6,21.93,22.0,7667421.0
2015-10-27,21.75,22.11,21.54,21.88,6128002.0
2015-10-28,22.39,22.82,21.26,21.56,12998777.0
2015-10-29,21.25,21.43,20.44,20.54,12382537.0
2015-10-30,20.51,20.91,20.39,20.46,6533480.0
2015-11-02,20.25,20.7,19.97,20.48,5099032.0
2015-11-03,20.14,20.57,19.96,20.39,5531109.0
2015-11-04,20.59,20.83,20.01,20.08,7501544.0
2015-11-05,20.13,20.13,19.54,19.67,9747294.0
2015-11-06,19.08,19.13,18.78,18.9,12119126.0
2015-11-09,18.85,19.37,18.72,19.34,13099884.0
2015-11-10,19.07,19.29,18.83,18.9,7803437.0
2015-11-11,18.99,19.38,18.91,19.27,8446047.0
2015-11-12,18.86,19.42,18.8,19.08,5898969.0
2015-11-13,19.05,19.44,18.9,19.25,7409119.0
2015-11-16,19.36,19.58,19.3,19.36,4338291.0
2015-11-17,19.2,19.29,18.41,18.63,12834395.0
2015-11-18,18.63,18.99,18.2,18.92,10752083.0
2015-11-19,19.21,19.61,19.02,19.45,7916689.0
2015-11-20,19.53,19.53,18.57,18.83,10755468.0
2015-11-23,18.67,18.82,18.57,18.65,5478019.0
2015-11-24,18.95,19.37,18.83,19.14,10361828.0
2015-11-25,18.93,19.31,18.81,19.13,5018052.0
2015-11-27,18.52,18.93,18.52,18.74,5638332.0
2015-11-30,18.69,19.02,18.69,18.93,5172259.0
2015-12-01,19.07,19.45,18.92,19.38,7312586.0
2015-12-02,18.92,19.12,18.72,18.95,7470287.0
2015-12-03,19.13,19.44,18.89,19.38,7269461.0
2015-12-04,19.66,20.24,19.63,20.15,9991950.0
2015-12-07,19.9,19.94,19.02,19.44,11904148.0
2015-12-08,19.5,19.66,19.1,19.31,6286254.0
2015-12-09,19.64,19.87,19.36,19.53,8107962.0
2015-12-10,19.36,19.68,19.28,19.46,4395648.0
2015-12-11,19.2,19.76,19.2,19.61,4428824.0
2015-12-14,19.53,19.6,18.82,18.89,7661392.0
2015-12-15,19.07,19.18,18.82,19.02,3440330.0
2015-12-16,19.38,19.9,19.22,19.86,10299367.0
2015-12-17,19.22,19.23,18.75,18.79,9149219.0
2015-12-18,19.14,19.44,19.06,19.3,6482112.0
2015-12-21,19.48,19.53,19.26,19.38,4438427.0
2015-12-22,19.29,19.55,19.15,19.31,3989986.0
2015-12-23,19.32,19.66,19.26,19.57,4824646.0
2015-12-24,19.74,20.12,19.72,20.06,3890196.0
2015-12-28,19.75,19.78,19.26,19.41,8054136.0
2015-12-29,19.69,19.78,19.48,19.64,3957715.0
2015-12-30,19.21,19.32,19.08,19.16,5397105.0
2015-12-31,19.19,19.35,19.07,19.21,3447783.0
2016-01-04,19.68,20.04,19.51,19.8,7237827.0
2016-01-05,19.87,19.96,19.68,19.84,2624578.0
2016-01-06,20.08,20.23,19.97,20.18,6326161.0
2016-01-07,20.53,20.92,20.26,20.65,9670273.0
2016-01-08,20.22,20.28,19.66,20.06,10448233.0
2016-01-11,20.08,20.15,19.17,19.33,7797011.0
2016-01-12,19.05,19.11,18.42,18.83,7127764.0
2016-01-13,18.63,19.15,18.5,18.73,5994046.0
2016-01-14,18.56,18.67,17.96,18.1,6548073.0
2016-01-15,18.61,18.67,17.88,17.95,5574344.0
2016-01-19,17.98,18.1,17.06,17.09,10779569.0
2016-01-20,17.36,17.48,16.87,17.44,6100162.0
2016-01-21,17.25,17.61,16.96,17.46,3881605.0
2016-01-22,17.28,17.95,17.28,17.7,6761460.0
2016-01-25,18.02,18.1,17.76,17.96,4876208.0
2016-01-26,18.09,18.83,18.09,18.76,7112900.0
2016-01-27,18.7,19.2,18.56,19.12,5254474.0
2016-01-28,18.82,19.1,18.71,18.72,4844658.0
2016-01-29,18.67,19.12,18.52,19.09,5534226.0
2016-02-01,19.25,19.7,19.2,19.68,5827256.0
2016-02-02,19.51,19.71,18.94,19.22,4587321.0
2016-02-03,19.37,20.3,19.34,20.11,9872105.0
2016-02-04,20.77,21.26,20.69,20.8,9714615.0
2016-02-05,20.48,21.82,20.25,21.8,10483916.0
2016-02-08,22.49,23.2,22.42,22.72,13198259.0
2016-02-09,23.12,23.15,21.71,21.76,11817769.0
2016-02-10,21.8,22.1,21.14,22.07,8646874.0
2016-02-11,23.73,24.32,23.13,24.01,17148194.0
2016-02-12,23.42,24.91,23.27,24.91,9147210.0
2016-02-16,23.65,24.27,22.75,22.77,14421564.0
2016-02-17,23.11,23.95,23.11,23.76,8155009.0
2016-02-18,23.45,25.56,23.38,25.53,14811499.0
2016-02-19,25.16,25.3,24.59,24.69,8279902.0
2016-02-22,23.93,24.72,23.77,24.35,7593459.0
2016-02-23,24.87,25.11,24.41,24.63,7291333.0
2016-02-24,25.59,26.16,24.8,25.25,13651506.0
2016-02-25,25.11,25.8,25.05,25.77,8402211.0
2016-02-26,25.16,25.68,24.76,24.9,9360038.0
2016-02-29,25.18,26.0,25.18,25.97,9564986.0
2016-03-01,26.17,26.24,24.97,25.0,10661365.0
2016-03-02,25.13,25.81,25.03,25.71,9226905.0
2016-03-03,25.86,27.52,25.75,27.37,14951390.0
2016-03-04,27.37,28.94,27.06,27.11,18321707.0
2016-03-07,27.53,28.7,27.46,28.39,13314801.0
2016-03-08,28.79,28.83,26.99,27.0,15399374.0
2016-03-09,26.17,27.23,25.88,26.84,8574626.0
2016-03-10,27.4,28.13,27.33,28.02,14021859.0
2016-03-11,27.84,28.2,27.03,27.15,13729969.0
2016-03-14,27.3,27.41,26.15,26.16,11075488.0
2016-03-15,26.0,26.57,25.4,26.45,9175795.0
2016-03-16,26.15,28.78,25.8,28.57,15353356.0
2016-03-17,29.11,29.5,27.78,27.8,12901161.0
2016-03-18,27.9,28.79,27.81,28.4,8247236.0
2016-03-21,28.25,29.06,28.09,28.47,5299884.0
2016-03-22,29.02,29.22,28.25,28.71,6603170.0
2016-03-23,27.59,27.98,26.75,26.78,16690637.0
2016-03-24,27.03,27.31,26.58,26.97,6596596.0
2016-03-28,27.19,27.31,26.33,26.89,4964404.0
2016-03-29,27.2,28.66,26.85,28.58,13457518.0
2016-03-30,28.31,28.75,27.68,28.12,8295085.0
2016-03-31,28.64,28.69,27.7,27.85,4501196.0
2016-04-01,27.04,28.39,26.9,28.28,7508463.0
2016-04-04,28.16,28.17,27.44,27.5,6988155.0
2016-04-05,28.3,28.37,27.52,28.31,9427732.0
2016-04-06,27.94,28.57,27.91,28.42,4956076.0
2016-04-07,29.04,29.35,28.88,29.18,8154685.0
2016-04-08,29.2,30.42,29.13,30.33,10378803.0
2016-04-11,31.06,32.63,30.95,32.43,17181367.0
2016-04-12,32.58,33.07,31.75,32.84,11507900.0
2016-04-13,32.35,33.0,31.96,32.1,10329508.0
2016-04-14,32.0,32.22,30.56,31.13,12037013.0
2016-04-15,31.48,32.6,30.94,32.48,10287474.0
2016-04-18,32.9,32.97,32.14,32.58,5907981.0
2016-04-19,34.07,35.18,33.87,35.02,16968150.0
2016-04-20,34.9,35.84,33.54,33.68,16756224.0
2016-04-21,35.18,35.37,34.05,34.62,15504267.0
2016-04-22,34.22,35.05,33.13,33.64,14906687.0
2016-04-25,33.89,34.28,33.06,33.3,7380265.0
2016-04-26,33.65,34.65,33.16,34.58,13761246.0
2016-04-27,34.9,35.26,33.39,34.81,8099532.0
2016-04-28,35.33,36.6,34.99,36.38,17805569.0
2016-04-29,37.11,38.57,37.1,38.52,21393839.0
2016-05-02,38.88,38.96,37.53,37.94,12488490.0
2016-05-03,38.18,38.26,36.58,36.82,12402370.0
2016-05-04,36.07,36.97,34.43,34.61,17648753.0
2016-05-05,35.18,36.08,34.97,35.76,10728337.0
2016-05-06,36.59,38.08,36.41,37.71,19326921.0
2016-05-09,36.12,36.15,34.9,34.9,20432427.0
2016-05-10,35.22,36.32,34.41,36.14,14291425.0
2016-05-11,37.07,37.81,35.77,37.4,13631858.0
2016-05-12,37.52,38.15,36.6,36.87,9183181.0
2016-05-13,36.86,37.74,36.56,37.18,7830514.0
2016-05-16,38.23,38.8,37.68,38.07,12170139.0
2016-05-17,38.2,39.7,37.87,39.2,17508243.0
2016-05-18,38.39,39.02,36.02,36.06,27343957.0
2016-05-19,35.02,37.0,34.5,36.51,17660220.0
2016-05-20,37.03,37.13,35.41,36.86,10534885.0
2016-05-23,35.95,36.99,35.72,36.2,9173543.0
2016-05-24,35.46,35.64,33.49,33.59,22580810.0
2016-05-25,33.38,35.05,32.76,34.85,17287303.0
2016-05-26,35.49,35.74,34.24,34.56,10856110.0
2016-05-27,34.16,34.42,32.74,32.89,17504515.0
2016-05-31,32.86,34.48,32.6,33.8,15591933.0
2016-06-01,34.08,34.57,33.08,33.75,10069329.0
2016-06-02,33.7,34.3,33.39,33.8,6991425.0
2016-06-03,36.1,37.96,36.08,37.96,33704934.0
2016-06-06,37.93,38.68,37.15,38.63,13300657.0
2016-06-07,38.06,38.76,37.89,38.12,13733593.0
2016-06-08,39.77,40.47,39.41,39.9,22061060.0
2016-06-09,39.77,40.79,39.45,40.59,11667501.0
2016-06-10,40.98,41.37,39.67,39.91,15012247.0
2016-06-13,40.98,41.08,39.31,40.06,12511025.0
2016-06-14,40.15,40.16,38.63,39.27,12132368.0
2016-06-15,39.33,41.37,39.0,40.92,23725499.0
2016-06-16,42.24,42.32,39.31,39.77,21679069.0
2016-06-17,40.44,40.69,39.4,40.31,13111289.0
2016-06-20,39.16,41.01,39.0,40.72,15266715.0
2016-06-21,39.73,40.15,39.34,39.41,16999231.0
2016-06-22,39.48,39.86,38.82,39.75,6871099.0
2016-06-23,39.62,40.4,39.46,39.78,10012876.0
2016-06-24,43.6,43.76,41.25,41.76,23150673.0
2016-06-27,42.0,42.49,40.8,41.78,12927630.0
2016-06-28,40.64,41.46,40.56,41.0,13602907.0
2016-06-29,41.68,42.7,41.61,42.05,14549128.0
2016-06-30,42.42,42.7,41.75,42.6,8387717.0
2016-07-01,43.82,45.62,43.55,45.38,19699048.0
2016-07-05,45.78,47.06,45.21,46.74,21074567.0
2016-07-06,47.54,48.95,47.4,48.88,22875846.0
2016-07-07,48.16,48.25,46.77,47.12,19361320.0
2016-07-08,47.32,49.46,46.85,49.41,22742250.0
2016-07-11,48.84,50.17,48.53,49.73,12349307.0
2016-07-12,49.2,49.8,47.47,47.66,20916602.0
2016-07-13,48.41,50.29,48.21,49.86,18938987.0
2016-07-14,48.13,49.71,48.0,49.71,10976471.0
2016-07-15,48.65,49.59,48.56,48.75,10682587.0
2016-07-18,48.68,49.0,47.99,48.73,10401070.0
2016-07-19,48.36,48.63,47.58,47.65,14676297.0
2016-07-20,46.27,46.29,43.72,43.93,32241221.0
2016-07-21,44.49,46.52,44.3,46.32,21260318.0
2016-07-22,45.59,46.17,45.3,45.79,8427394.0
2016-07-25,44.96,45.0,43.5,43.74,19302375.0
2016-07-26,44.75,45.92,44.33,45.35,17647268.0
2016-07-27,46.02,48.26,44.82,47.92,22931448.0
2016-07-28,48.28,48.59,47.1,48.14,11808223.0
2016-07-29,49.34,50.56,48.86,50.07,17168937.0
2016-08-01,50.04,51.07,49.59,50.93,11060603.0
2016-08-02,51.55,51.85,50.64,50.85,8200228.0
2016-08-03,50.64,50.7,49.72,50.45,8216463.0
2016-08-04,50.9,51.66,50.8,51.15,10664576.0
2016-08-05,49.52,49.9,48.92,49.41,16728227.0
2016-08-08,49.39,50.85,49.31,50.23,11349823.0
2016-08-09,50.39,51.19,50.2,50.71,9436655.0
2016-08-10,52.16,52.36,50.95,51.57,13245625.0
2016-08-11,51.66,52.5,51.02,51.02,11618160.0
2016-08-12,52.41,52.41,50.74,51.08,8313024.0
2016-08-15,51.25,51.7,50.78,51.02,5984281.0
2016-08-16,51.32,51.66,50.98,51.31,7852418.0
2016-08-17,50.8,51.36,49.56,50.69,13031516.0
2016-08-18,51.27,51.7,50.76,51.7,12785240.0
2016-08-19,50.57,50.9,49.98,50.1,19121247.0
2016-08-22,49.15,49.48,48.65,48.99,12949954.0
2016-08-23,49.7,49.74,47.79,47.85,12172563.0
2016-08-24,47.13,47.15,43.97,44.13,30168706.0
2016-08-25,44.22,46.47,43.47,45.52,24490613.0
2016-08-26,46.62,47.74,44.56,45.18,16022360.0
2016-08-29,44.44,45.84,44.29,45.29,11827891.0
2016-08-30,44.76,45.11,42.31,42.8,22084103.0
2016-08-31,42.07,42.55,41.3,41.76,17438599.0
2016-09-01,41.38,43.92,41.11,43.75,29553190.0
2016-09-02,45.56,46.33,44.43,46.33,29615203.0
2016-09-06,47.42,49.37,47.0,49.37,33450481.0
2016-09-07,49.06,49.08,46.99,48.75,21408044.0
2016-09-08,48.35,48.86,47.31,47.83,15702059.0
2016-09-09,46.94,47.4,44.16,44.44,37023809.0
2016-09-12,43.48,47.0,43.33,46.54,29805386.0
2016-09-13,45.72,46.24,43.76,44.59,25459035.0
2016-09-14,45.21,46.2,44.57,44.75,12218622.0
2016-09-15,44.45,45.85,43.84,44.86,13455580.0
2016-09-16,44.07,45.19,43.56,43.92,17100173.0
2016-09-19,44.94,45.06,44.11,44.42,11598938.0
2016-09-20,44.23,44.8,43.93,44.47,9379380.0
2016-09-21,45.52,48.13,45.19,48.04,34274251.0
2016-09-22,48.57,48.97,46.73,47.12,23448936.0
2016-09-23,46.87,47.17,44.97,45.42,22675489.0
2016-09-26,45.8,46.35,44.72,44.87,9034425.0
2016-09-27,44.31,44.59,43.26,43.86,15966019.0
2016-09-28,44.0,45.75,42.75,45.28,23374505.0
2016-09-29,44.61,45.27,44.19,44.85,11042028.0
2016-09-30,45.71,45.88,44.08,44.29,14967239.0
2016-10-03,44.1,44.56,42.9,43.54,14142286.0
2016-10-04,42.1,42.1,38.81,38.81,41455484.0
2016-10-05,39.71,39.93,37.54,39.15,20536771.0
2016-10-06,37.52,38.29,36.96,37.46,22087009.0
2016-10-07,39.0,39.42,37.1,38.09,23081473.0
2016-10-10,38.56,38.91,38.14,38.64,10828541.0
2016-10-11,38.04,38.39,37.27,37.31,18111868.0
2016-10-12,37.42,38.61,37.33,38.3,19758030.0
2016-10-13,38.42,40.24,38.12,39.15,20136099.0
2016-10-14,38.35,39.55,37.97,38.08,20276117.0
2016-10-17,38.42,38.99,37.96,38.71,17119771.0
2016-10-18,39.54,40.63,39.06,40.59,23864720.0
2016-10-19,41.48,42.19,40.92,42.02,18901346.0
2016-10-20,42.0,42.16,40.89,41.74,13220203.0
2016-10-21,41.47,41.83,41.26,41.82,7508826.0
2016-10-24,42.26,42.33,40.17,40.66,18471317.0
2016-10-25,41.13,42.34,40.78,41.91,15294133.0
2016-10-26,41.96,42.14,40.48,40.81,24241623.0
2016-10-27,41.02,41.08,39.47,39.61,19731112.0
2016-10-28,39.62,40.75,39.04,39.61,17809236.0
2016-10-31,39.66,40.7,39.29,40.68,17699685.0
2016-11-01,41.91,42.64,41.32,42.03,20218123.0
2016-11-02,43.11,43.54,40.9,41.26,20640209.0
2016-11-03,41.05,42.51,41.01,42.35,14700314.0
2016-11-04,42.35,42.36,40.93,41.58,13707579.0
2016-11-07,40.16,40.48,39.28,39.81,26137374.0
2016-11-08,40.2,40.96,38.76,39.34,15605534.0
2016-11-09,42.09,42.13,39.05,40.24,23375159.0
2016-11-10,39.76,39.83,37.16,37.25,42381596.0
2016-11-11,37.31,37.36,33.73,34.24,46732560.0
2016-11-14,33.47,35.97,32.8,34.96,26728742.0
2016-11-15,35.07,37.13,34.71,36.86,30178482.0
2016-11-16,36.5,36.75,35.18,35.55,25571113.0
2016-11-17,35.74,36.6,33.84,34.55,25495776.0
2016-11-18,34.11,34.67,33.66,34.52,21271969.0
2016-11-21,35.33,35.74,34.75,35.26,13328947.0
2016-11-22,35.47,35.8,34.4,35.75,14839989.0
2016-11-23,34.2,34.38,33.45,33.75,32415379.0
2016-11-25,34.3,34.58,33.58,33.8,8067693.0
2016-11-28,34.25,35.38,33.82,35.19,26680351.0
2016-11-29,34.28,35.24,34.0,34.99,11212403.0
2016-11-30,34.6,34.78,34.04,34.32,16465091.0
2016-12-01,34.18,35.28,33.52,34.25,16867357.0
2016-12-02,34.78,35.58,34.7,35.46,23877863.0
2016-12-05,34.8,36.09,34.23,35.59,15428649.0
2016-12-06,35.63,36.37,35.23,35.42,10723286.0
2016-12-07,36.17,36.52,35.6,35.93,13964157.0
2016-12-08,35.82,36.04,35.42,35.99,7445442.0
2016-12-09,35.52,35.73,33.98,34.18,30816170.0
2016-12-12,34.53,35.1,34.1,34.22,11961910.0
2016-12-13,34.22,34.55,33.79,34.38,10687602.0
2016-12-14,34.86,35.13,32.16,32.18,39887859.0
2016-12-15,31.19,31.39,29.99,30.32,33542383.0
2016-12-16,30.81,31.18,29.53,29.86,23705417.0
2016-12-19,28.89,28.92,28.12,28.43,27938736.0
2016-12-20,27.71,28.62,27.37,28.51,23996784.0
2016-12-21,28.62,28.75,28.13,28.18,11546806.0
2016-12-22,28.17,28.89,28.01,28.23,13975132.0
2016-12-23,28.33,28.69,28.15,28.62,9150735.0
2016-12-27,29.0,29.71,28.84,29.66,16672523.0
2016-12-28,29.44,30.66,29.13,30.65,22331733.0
2016-12-29,30.95,33.51,30.76,33.48,45037290.0
2016-12-30,33.52,34.3,31.49,31.55,39165484.0
2017-01-03,31.78,33.66,31.13,33.64,29306249.0
