2016-10-31 09:34:01,113.6500,113.9300,113.5700,113.5950,1460400
2016-10-31 09:39:59,113.5100,113.7600,113.4500,113.6300,681800
2016-10-31 09:44:00,113.3800,113.5500,113.2000,113.5100,711300
2016-10-31 09:49:01,113.5100,113.5475,113.3535,113.3800,548600
2016-10-31 09:54:00,113.2900,113.5200,113.2700,113.5000,535400
2016-10-31 09:59:02,113.2900,113.4650,113.2700,113.2999,475100
2016-10-31 10:04:02,113.3700,113.4700,113.2600,113.2800,368400
2016-10-31 10:09:58,113.3900,113.4400,113.3234,113.3600,382300
2016-10-31 10:14:00,113.5100,113.5800,113.3750,113.4000,421500
2016-10-31 10:19:00,113.7553,113.8100,113.5000,113.5050,455300
2016-10-31 10:24:00,113.8100,113.8700,113.7300,113.7550,470900
2016-10-31 10:29:01,113.8248,113.8500,113.8000,113.8050,383200
2016-10-31 10:34:02,113.5900,113.8300,113.5828,113.8300,373600
2016-10-31 10:39:00,113.6700,113.6800,113.5200,113.5880,386000
2016-10-31 10:44:02,113.7700,113.7700,113.6600,113.6600,365600
2016-10-31 10:49:02,113.7400,113.8000,113.7100,113.7600,254200
2016-10-31 10:54:05,113.8550,113.8600,113.7000,113.7500,405500
2016-10-31 10:59:00,113.6800,113.8650,113.6600,113.8600,326900
2016-10-31 11:04:02,113.6400,113.6920,113.6135,113.6660,203900
2016-10-31 11:09:58,113.5786,113.6600,113.5000,113.6500,265300
2016-10-31 11:14:59,113.5000,113.6000,113.4400,113.5759,242200
2016-10-31 11:19:01,113.5450,113.5590,113.4600,113.5100,214200
2016-10-31 11:24:57,113.6000,113.6000,113.5200,113.5400,209200
2016-10-31 11:29:59,113.6500,113.6600,113.5550,113.5900,211400
2016-10-31 11:34:59,113.5801,113.7305,113.5800,113.6450,333500
2016-10-31 11:39:01,113.5800,113.6000,113.5500,113.5800,171600
2016-10-31 11:44:01,113.6093,113.6100,113.5400,113.5701,208100
2016-10-31 11:49:59,113.6800,113.6800,113.5800,113.6050,134900
2016-10-31 11:54:01,113.7000,113.7200,113.6300,113.6750,165700
2016-10-31 11:59:02,113.7241,113.7500,113.6800,113.6900,199500
2016-10-31 12:04:08,113.7600,113.8000,113.6900,113.7250,144400
2016-10-31 12:09:01,113.8042,113.8400,113.7500,113.7500,127600
2016-10-31 12:14:01,113.8250,113.8250,113.7500,113.7950,113800
2016-10-31 12:19:04,113.8600,113.8690,113.8000,113.8300,162000
2016-10-31 12:24:03,113.7800,113.8900,113.7500,113.8550,187800
2016-10-31 12:29:01,113.7900,113.8000,113.7500,113.7700,124600
2016-10-31 12:34:00,113.7700,113.8200,113.7300,113.8000,151000
2016-10-31 12:39:00,113.8535,113.8600,113.7400,113.7500,141000
2016-10-31 12:44:02,113.9100,113.9300,113.8400,113.8600,135000
2016-10-31 12:49:01,113.8500,113.9200,113.8100,113.9000,174800
2016-10-31 12:54:02,113.9165,113.9200,113.8400,113.8400,131700
2016-10-31 12:59:01,113.9700,114.0000,113.9150,113.9200,246900
2016-10-31 13:04:01,113.9400,114.0000,113.9200,113.9781,165500
2016-10-31 13:09:00,113.9602,113.9700,113.9200,113.9500,120900
2016-10-31 13:14:01,113.9900,114.0000,113.9600,113.9600,161400
2016-10-31 13:19:09,114.0300,114.0500,113.9800,113.9800,278700
2016-10-31 13:24:02,114.0800,114.1200,114.0250,114.0299,291800
2016-10-31 13:29:00,114.0400,114.1400,114.0400,114.0866,163000
2016-10-31 13:34:00,114.1400,114.1500,114.0337,114.0500,125300
2016-10-31 13:39:00,114.1300,114.1500,114.0811,114.1300,118200
2016-10-31 13:44:01,114.1300,114.1800,114.1200,114.1400,121300
2016-10-31 13:49:00,114.1500,114.2300,114.1400,114.1400,223800
2016-10-31 13:54:58,114.0250,114.1800,114.0200,114.1556,197100
2016-10-31 13:59:00,114.0500,114.0700,114.0000,114.0300,187500
2016-10-31 14:04:02,113.9833,114.0800,113.9800,114.0495,149100
2016-10-31 14:09:00,113.9850,114.0100,113.9500,113.9800,144400
2016-10-31 14:14:00,113.9000,114.0000,113.8500,113.9900,182900
2016-10-31 14:19:59,113.8961,113.9300,113.8400,113.8900,110700
2016-10-31 14:24:00,113.8650,113.9200,113.8500,113.9000,152000
2016-10-31 14:29:01,113.8400,113.8900,113.8100,113.8700,141800
2016-10-31 14:34:00,113.9050,113.9100,113.8300,113.8500,100100
2016-10-31 14:39:07,113.9400,113.9700,113.8700,113.9100,143400
2016-10-31 14:44:01,113.9100,113.9400,113.8500,113.9300,130300
2016-10-31 14:49:57,113.8293,113.8900,113.8100,113.8800,181400
2016-10-31 14:54:03,113.7600,113.8350,113.7199,113.8200,271900
2016-10-31 14:59:00,113.7400,113.7890,113.7000,113.7650,189700
2016-10-31 15:04:05,113.7855,113.8300,113.7205,113.7500,165300
2016-10-31 15:09:00,113.8800,113.8800,113.7500,113.7800,152200
2016-10-31 15:14:01,113.8850,113.9200,113.8600,113.8750,241200
2016-10-31 15:19:00,113.7500,113.9300,113.7500,113.8800,261500
2016-10-31 15:24:00,113.7500,113.8100,113.7200,113.7600,162700
2016-10-31 15:29:00,113.7850,113.8000,113.7100,113.7407,229100
2016-10-31 15:34:59,113.7500,113.8100,113.7400,113.7900,299600
2016-10-31 15:39:00,113.7500,113.8000,113.7100,113.7400,255400
2016-10-31 15:44:00,113.7300,113.7500,113.6800,113.7500,343200
2016-10-31 15:49:00,113.5900,113.7200,113.5800,113.7050,461900
2016-10-31 15:54:00,113.5800,113.6300,113.5400,113.5700,546700
2016-10-31 15:59:00,113.5500,113.6800,113.5500,113.5850,1071500
2016-10-31 16:00:00,113.5400,113.5400,113.5400,113.5400,2163400
2016-11-01 09:34:04,113.6440,113.7700,113.4600,113.4600,0
2016-11-01 09:39:59,113.4000,113.7600,113.3600,113.6600,394300
2016-11-01 09:44:01,113.1600,113.4199,113.0100,113.4100,869900
2016-11-01 09:49:00,113.1900,113.3000,113.1300,113.1600,511400
2016-11-01 09:54:03,113.0500,113.2273,112.9800,113.2000,739800
2016-11-01 09:59:58,113.0450,113.0900,112.9900,113.0600,412200
2016-11-01 10:04:02,112.9300,113.2000,112.9200,113.0500,530500
2016-11-01 10:09:00,112.9300,112.9900,112.8641,112.9250,433600
2016-11-01 10:14:00,112.6959,112.9500,112.5600,112.9350,895500
2016-11-01 10:19:04,112.5700,112.7200,112.5100,112.6958,666900
2016-11-01 10:24:00,112.7873,112.8000,112.5450,112.5800,522100
2016-11-01 10:29:00,112.7400,112.8600,112.7100,112.7850,303900
2016-11-01 10:34:59,112.9140,112.9200,112.6600,112.7300,288200
2016-11-01 10:39:00,112.7500,112.9500,112.7100,112.9100,293500
2016-11-01 10:44:58,112.6943,112.8100,112.6500,112.7800,284400
2016-11-01 10:49:59,112.6200,112.7300,112.6200,112.6940,282800
2016-11-01 10:54:56,112.7200,112.7500,112.6000,112.6150,385900
2016-11-01 10:59:49,112.7800,112.8000,112.7100,112.7150,355600
2016-11-01 11:04:00,112.7558,112.8400,112.7250,112.7900,364200
2016-11-01 11:09:01,112.7750,112.8100,112.7200,112.7600,187800
2016-11-01 11:14:00,112.7900,112.8200,112.6800,112.7749,289200
2016-11-01 11:19:02,112.6800,112.8300,112.6700,112.7800,279100
2016-11-01 11:24:00,112.6900,112.7200,112.6600,112.6900,208900
2016-11-01 11:29:00,112.6300,112.7600,112.6300,112.6950,366800
2016-11-01 11:34:02,112.5350,112.6300,112.5200,112.5900,420700
2016-11-01 11:39:02,112.6000,112.6200,112.5100,112.5300,305700
2016-11-01 11:44:59,112.5850,112.6300,112.5500,112.5950,240400
2016-11-01 11:49:02,112.4700,112.5983,112.4700,112.5800,433500
2016-11-01 11:54:00,112.2550,112.5000,112.2450,112.4611,707700
2016-11-01 11:59:02,112.2700,112.3100,112.2100,112.2600,535800
2016-11-01 12:04:00,112.1241,112.2800,112.1200,112.2800,541200
2016-11-01 12:09:00,112.0117,112.1400,112.0100,112.1200,570900
2016-11-01 12:14:01,111.8999,112.0300,111.8100,112.0100,907400
2016-11-01 12:19:02,111.8300,111.9000,111.7800,111.8900,527900
2016-11-01 12:24:00,111.8400,111.8600,111.6900,111.8250,552900
2016-11-01 12:29:00,111.9000,111.9700,111.8300,111.8450,676100
2016-11-01 12:34:01,112.0342,112.0373,111.8800,111.8800,341400
2016-11-01 12:39:03,111.8700,112.0350,111.8500,112.0350,305200
2016-11-01 12:44:02,111.9100,111.9200,111.8410,111.8800,296000
2016-11-01 12:49:01,111.7500,111.9700,111.7500,111.9000,337900
2016-11-01 12:54:00,111.7300,111.8065,111.7000,111.7425,277600
2016-11-01 12:59:00,111.8000,111.8300,111.7200,111.7200,209800
2016-11-01 13:04:05,111.7501,111.8000,111.7400,111.7900,230400
2016-11-01 13:09:00,111.6200,111.7700,111.5500,111.7600,410700
2016-11-01 13:14:02,111.5599,111.6200,111.5450,111.6158,354500
2016-11-01 13:19:00,111.3600,111.5550,111.2800,111.5500,638900
2016-11-01 13:24:00,111.0050,111.3600,110.9400,111.3541,909300
2016-11-01 13:29:02,111.1500,111.1800,110.9900,111.0100,650400
2016-11-01 13:34:00,111.1500,111.2100,111.0400,111.1600,493100
2016-11-01 13:39:59,111.1950,111.2400,111.1000,111.1600,433500
2016-11-01 13:44:59,110.9200,111.1900,110.8900,111.1900,481900
2016-11-01 13:49:59,111.0300,111.0400,110.8000,110.9101,526200
2016-11-01 13:54:47,111.1258,111.1650,111.0202,111.0334,471200
2016-11-01 13:59:02,111.2400,111.3200,111.1000,111.1250,424500
2016-11-01 14:04:00,111.1002,111.2799,111.0600,111.2300,294100
2016-11-01 14:09:00,110.9500,111.1050,110.8600,111.1000,933700
2016-11-01 14:14:00,110.8000,110.9600,110.8000,110.9450,435700
2016-11-01 14:19:00,110.6250,110.8650,110.5400,110.8000,760700
2016-11-01 14:24:00,110.7000,110.7500,110.5300,110.6210,763500
2016-11-01 14:29:00,110.8800,111.0252,110.6300,110.6900,924300
2016-11-01 14:34:00,111.1800,111.2200,110.8600,110.8900,697000
2016-11-01 14:39:00,111.1600,111.3300,111.0800,111.1900,685000
2016-11-01 14:44:59,111.1700,111.2200,110.9700,111.1700,402900
2016-11-01 14:49:59,111.0600,111.2000,111.0200,111.1600,291300
2016-11-01 14:54:00,111.2000,111.2100,111.0000,111.0550,328600
2016-11-01 14:59:00,111.0200,111.2900,111.0100,111.2001,376200
2016-11-01 15:04:00,111.1100,111.1673,110.9000,111.0100,437900
2016-11-01 15:09:03,111.1650,111.1700,111.0300,111.1102,364400
2016-11-01 15:14:59,111.0148,111.1700,110.9600,111.1640,368800
2016-11-01 15:19:00,111.2400,111.2700,110.9595,111.0100,478100
2016-11-01 15:24:02,111.2200,111.3100,111.1641,111.2355,391400
2016-11-01 15:29:00,111.2901,111.3800,111.2200,111.2250,833200
2016-11-01 15:34:59,111.1950,111.3000,111.0500,111.2963,603000
2016-11-01 15:39:01,111.1859,111.2500,111.1100,111.2000,597900
2016-11-01 15:44:58,111.1850,111.2300,111.0600,111.1850,657300
2016-11-01 15:49:02,111.0900,111.3100,111.0900,111.1800,841900
2016-11-01 15:54:00,111.2450,111.2500,111.1000,111.1300,1017100
2016-11-01 15:59:00,111.4700,111.5000,111.2400,111.2500,1804700
2016-11-01 16:00:00,111.4300,111.4300,111.4300,111.4300,19600
2016-11-02 09:34:00,111.7800,112.0000,111.3300,111.4000,0
2016-11-02 09:39:00,112.0100,112.2400,111.6900,111.7750,782500
2016-11-02 09:44:03,111.9700,112.1000,111.8700,112.0150,406300
2016-11-02 09:49:00,112.0500,112.1100,111.9600,111.9601,468700
2016-11-02 09:54:59,112.1237,112.1800,112.0100,112.0400,639000
2016-11-02 09:59:59,112.0503,112.1250,111.9300,112.1200,405400
2016-11-02 10:04:00,111.9900,112.1100,111.8600,112.0300,452300
2016-11-02 10:09:02,111.9800,112.0000,111.9200,111.9800,269800
2016-11-02 10:14:00,111.8900,111.9900,111.8800,111.9800,209700
2016-11-02 10:19:00,111.8800,112.0700,111.8800,111.8907,280400
2016-11-02 10:24:00,111.7700,111.9500,111.7600,111.8900,322500
2016-11-02 10:29:00,111.7700,111.7950,111.6300,111.7650,421600
2016-11-02 10:34:00,111.7300,111.8000,111.6000,111.7600,443500
2016-11-02 10:39:59,111.8450,111.8700,111.6900,111.7200,469800
2016-11-02 10:44:05,111.6964,111.8438,111.6900,111.8438,284000
2016-11-02 10:49:00,111.7750,111.7800,111.6200,111.7000,293400
2016-11-02 10:54:00,111.5800,111.7900,111.5107,111.7800,360800
2016-11-02 10:59:00,111.5400,111.6000,111.4900,111.5750,454300
2016-11-02 11:04:59,111.6100,111.6350,111.5100,111.5366,286200
2016-11-02 11:09:00,111.8300,111.8400,111.5900,111.6170,327900
2016-11-02 11:14:03,112.0300,112.0400,111.7800,111.8200,357600
2016-11-02 11:19:00,112.1800,112.2400,112.0100,112.0100,430100
2016-11-02 11:24:59,112.2810,112.2900,112.1300,112.1817,275100
2016-11-02 11:29:01,112.3200,112.3500,112.2000,112.2800,362900
2016-11-02 11:34:00,112.1339,112.3300,112.1200,112.3100,257900
2016-11-02 11:39:03,112.1550,112.1790,112.0200,112.1400,273000
2016-11-02 11:44:00,112.1400,112.1900,112.0800,112.1500,225400
2016-11-02 11:49:00,112.1500,112.2100,112.1200,112.1300,338200
2016-11-02 11:54:04,111.9900,112.1600,111.9800,112.1510,238100
2016-11-02 11:59:02,112.0300,112.1000,111.9950,112.0000,210700
2016-11-02 12:04:00,111.9500,112.0900,111.9300,112.0200,211900
2016-11-02 12:09:08,112.0200,112.0400,111.9300,111.9458,295300
2016-11-02 12:14:03,111.9435,112.0700,111.9400,112.0100,168900
2016-11-02 12:19:00,112.0000,112.0700,111.9300,111.9400,242300
2016-11-02 12:24:00,111.9900,112.0400,111.9600,112.0000,190400
2016-11-02 12:29:07,111.9400,112.0000,111.8800,111.9800,178400
2016-11-02 12:34:02,111.8800,111.9800,111.8500,111.9500,139600
2016-11-02 12:39:00,111.8800,111.9200,111.8000,111.8900,240600
2016-11-02 12:44:59,111.8600,111.9300,111.8500,111.8700,698800
2016-11-02 12:49:01,111.8650,111.8950,111.8343,111.8650,107700
2016-11-02 12:54:01,111.8600,111.8800,111.8300,111.8640,151700
2016-11-02 12:59:00,111.9500,111.9700,111.8454,111.8700,257200
2016-11-02 13:04:00,111.8100,112.0200,111.7950,111.9557,214700
2016-11-02 13:09:00,111.8037,111.8400,111.7200,111.8200,183400
2016-11-02 13:14:00,111.7500,111.8700,111.7100,111.8100,208500
2016-11-02 13:19:00,111.6400,111.7500,111.6000,111.7450,236500
2016-11-02 13:24:00,111.6100,111.6900,111.5800,111.6500,226700
2016-11-02 13:29:01,111.6500,111.8600,111.6000,111.6184,264100
2016-11-02 13:34:02,111.6200,111.6800,111.5700,111.6460,153000
2016-11-02 13:39:00,111.5438,111.6400,111.5100,111.6250,171400
2016-11-02 13:44:02,111.6500,111.6538,111.5300,111.5450,222600
2016-11-02 13:49:57,111.6000,111.7000,111.6000,111.6600,134300
2016-11-02 13:54:02,111.6950,111.7000,111.5900,111.6100,174900
2016-11-02 13:59:00,111.8499,111.8700,111.6650,111.6900,219800
2016-11-02 14:04:00,111.9850,112.0500,111.7000,111.8400,494700
2016-11-02 14:09:00,111.7510,111.9899,111.5750,111.9800,421700
2016-11-02 14:14:00,111.8900,112.0600,111.7000,111.7500,424000
2016-11-02 14:19:00,112.0300,112.0900,111.7700,111.8814,367400
2016-11-02 14:24:59,112.1300,112.1600,111.8550,112.0343,494500
2016-11-02 14:29:00,112.0950,112.2200,112.0500,112.1500,388900
2016-11-02 14:34:00,112.0350,112.1200,111.9300,112.0800,292400
2016-11-02 14:39:00,112.0400,112.1400,111.9900,112.0400,242900
2016-11-02 14:44:01,112.0500,112.0800,111.9600,112.0300,197500
2016-11-02 14:49:01,111.9200,112.1300,111.8800,112.0550,248300
2016-11-02 14:54:00,111.8800,111.9700,111.7800,111.9000,231600
2016-11-02 14:59:00,111.8542,111.9800,111.8200,111.8742,170500
2016-11-02 15:04:01,111.8900,111.9000,111.7700,111.8550,238300
2016-11-02 15:09:00,111.8600,111.9100,111.7900,111.9000,200500
2016-11-02 15:14:00,111.8150,111.9000,111.7500,111.8542,255500
2016-11-02 15:19:01,111.7400,111.8200,111.7200,111.8100,192500
2016-11-02 15:24:02,111.9200,111.9300,111.7450,111.7500,201300
2016-11-02 15:29:59,112.0010,112.0200,111.9100,111.9101,342800
2016-11-02 15:34:01,111.9600,112.0400,111.9100,112.0000,271400
2016-11-02 15:39:04,111.8750,111.9700,111.8200,111.9650,325500
2016-11-02 15:44:00,111.8942,111.9400,111.8700,111.8800,224300
2016-11-02 15:49:01,111.9100,111.9300,111.8099,111.8900,387200
2016-11-02 15:54:00,111.6970,111.9300,111.6800,111.9000,508000
2016-11-02 15:59:59,111.6100,111.7800,111.6000,111.6900,2106200
2016-11-02 16:00:00,111.5900,111.5900,111.5900,111.5900,1384500
2016-11-03 09:34:59,111.0058,111.0400,110.7000,110.8700,0
2016-11-03 09:39:59,111.3794,111.4600,111.0000,111.0100,620600
2016-11-03 09:44:59,111.0900,111.4300,111.0900,111.3900,316000
2016-11-03 09:49:00,111.1100,111.3100,111.0036,111.0950,366200
2016-11-03 09:54:00,110.9850,111.2450,110.9400,111.1016,356700
2016-11-03 09:59:00,111.0000,111.1300,110.9600,110.9800,202500
2016-11-03 10:04:02,110.9300,111.0300,110.8800,110.9900,312500
2016-11-03 10:09:01,110.9510,111.0400,110.8800,110.9245,337800
2016-11-03 10:14:00,111.0200,111.0360,110.9000,110.9600,230700
2016-11-03 10:19:00,110.7600,111.0250,110.7200,111.0250,281400
2016-11-03 10:24:00,110.7400,110.8900,110.7200,110.7700,275400
2016-11-03 10:29:01,110.8033,110.8500,110.7000,110.7100,184400
2016-11-03 10:34:03,110.8600,110.9000,110.7800,110.8007,207300
2016-11-03 10:39:02,110.8245,110.9300,110.8000,110.8700,212700
2016-11-03 10:44:01,110.9300,110.9900,110.7700,110.8300,205600
2016-11-03 10:49:00,110.9208,110.9800,110.8700,110.9400,207200
2016-11-03 10:54:05,110.9300,110.9600,110.8800,110.9200,201900
2016-11-03 10:59:10,110.8700,110.9310,110.8000,110.9235,182000
2016-11-03 11:04:00,110.8400,110.8900,110.7600,110.8700,187700
2016-11-03 11:09:01,110.8500,110.9000,110.8300,110.8500,155500
2016-11-03 11:14:01,110.8300,110.8950,110.8000,110.8550,160600
2016-11-03 11:19:06,110.7600,110.8600,110.7550,110.8200,144200
2016-11-03 11:24:00,110.7184,110.8200,110.7000,110.7555,236500
2016-11-03 11:29:00,110.6338,110.7300,110.6200,110.7150,208200
2016-11-03 11:34:00,110.4000,110.6400,110.3500,110.6365,537300
2016-11-03 11:39:04,110.4300,110.4500,110.3650,110.3900,255700
2016-11-03 11:44:04,110.4500,110.5600,110.3941,110.4400,324300
2016-11-03 11:49:02,110.6400,110.6421,110.4350,110.4410,244000
2016-11-03 11:54:00,110.5400,110.6800,110.5200,110.6499,165900
2016-11-03 11:59:01,110.4400,110.5600,110.4200,110.5500,182000
2016-11-03 12:04:00,110.4200,110.4800,110.3740,110.4468,186100
2016-11-03 12:09:01,110.3500,110.4800,110.3000,110.4300,248000
2016-11-03 12:14:00,110.3800,110.4500,110.3200,110.3450,230500
2016-11-03 12:19:06,110.4400,110.4400,110.3400,110.3900,322700
2016-11-03 12:24:01,110.4500,110.4500,110.3600,110.4300,187600
2016-11-03 12:29:06,110.4900,110.5000,110.4200,110.4490,203000
2016-11-03 12:34:00,110.5000,110.5400,110.4636,110.4800,186500
2016-11-03 12:39:01,110.4200,110.5400,110.3900,110.4900,206700
2016-11-03 12:44:00,110.4100,110.4900,110.3500,110.4250,217700
2016-11-03 12:49:00,110.4250,110.4500,110.3600,110.4200,208200
2016-11-03 12:54:01,110.4000,110.4673,110.3700,110.4200,267900
2016-11-03 12:59:00,110.3067,110.4050,110.2800,110.4050,239300
2016-11-03 13:04:01,110.1600,110.3150,110.1200,110.3000,266900
2016-11-03 13:09:01,109.9900,110.1900,109.9300,110.1500,706400
2016-11-03 13:14:06,110.0100,110.1000,109.9600,109.9800,378900
2016-11-03 13:19:01,109.9400,110.0100,109.8700,110.0000,362900
2016-11-03 13:24:00,109.8900,109.9500,109.7900,109.9440,392900
2016-11-03 13:29:00,110.0000,110.0800,109.8800,109.9100,442900
2016-11-03 13:34:01,110.0500,110.0600,109.9600,109.9950,196000
2016-11-03 13:39:02,110.0400,110.0900,110.0200,110.0538,345200
2016-11-03 13:44:00,110.0300,110.0950,110.0100,110.0450,319100
2016-11-03 13:49:03,110.1000,110.1200,110.0300,110.0350,245200
2016-11-03 13:54:01,110.1350,110.1350,110.0400,110.0910,227200
2016-11-03 13:59:00,110.0550,110.1600,110.0400,110.1300,281200
2016-11-03 14:04:02,110.0838,110.0900,109.9900,110.0500,273300
2016-11-03 14:09:59,110.0300,110.0800,110.0100,110.0800,263700
2016-11-03 14:14:00,110.0745,110.1500,110.0340,110.0400,179500
2016-11-03 14:19:00,109.9500,110.0880,109.9200,110.0700,264800
2016-11-03 14:24:00,110.0100,110.0600,109.9200,109.9400,208500
2016-11-03 14:29:01,110.0300,110.0300,109.9300,110.0200,189700
2016-11-03 14:34:06,109.9900,110.0500,109.9800,110.0400,185000
2016-11-03 14:39:01,109.9500,110.0300,109.9299,109.9910,179700
2016-11-03 14:44:59,109.9300,109.9600,109.8800,109.9400,323500
2016-11-03 14:49:00,109.8900,109.9700,109.8200,109.9275,503500
2016-11-03 14:54:02,110.0113,110.0400,109.8800,109.9000,349700
2016-11-03 14:59:03,109.9500,110.0300,109.9250,110.0137,242100
2016-11-03 15:04:00,109.8690,109.9900,109.8400,109.9600,296500
2016-11-03 15:09:00,109.8000,109.9000,109.7500,109.8600,300700
2016-11-03 15:14:03,109.7814,109.8100,109.6850,109.7900,315300
2016-11-03 15:19:05,109.7100,109.8384,109.6500,109.7850,326600
2016-11-03 15:24:00,109.7800,109.8100,109.6400,109.7081,312500
2016-11-03 15:29:59,109.7601,109.8100,109.6900,109.7700,317100
2016-11-03 15:34:00,109.6000,109.7600,109.5900,109.7600,477100
2016-11-03 15:39:00,109.6850,109.7500,109.5700,109.5900,403100
2016-11-03 15:44:00,109.5700,109.7000,109.5500,109.6800,442400
2016-11-03 15:49:00,109.7341,109.8300,109.5650,109.5700,597700
2016-11-03 15:54:00,109.7850,109.8000,109.7175,109.7600,544500
2016-11-03 15:59:00,109.8400,109.8900,109.7800,109.7900,0
2016-11-03 16:00:00,109.8300,109.8300,109.8300,109.8300,20700
2016-11-04 09:34:00,109.1700,109.3000,108.1300,108.5300,4192700
2016-11-04 09:39:59,109.2850,109.5400,109.1084,109.2200,851800
2016-11-04 09:44:00,109.1300,109.3300,109.0600,109.2600,577000
2016-11-04 09:49:00,109.1100,109.3150,109.0700,109.1225,349500
2016-11-04 09:54:00,108.9182,109.1300,108.7300,109.1000,659000
2016-11-04 09:59:59,108.5700,108.9260,108.4400,108.9260,668400
2016-11-04 10:04:00,108.8200,108.9100,108.5600,108.5800,586900
2016-11-04 10:09:00,109.1800,109.2500,108.8100,108.8199,498700
2016-11-04 10:14:00,109.0900,109.2900,109.0710,109.1700,419500
2016-11-04 10:19:01,109.2300,109.2800,108.9800,109.0850,476500
2016-11-04 10:24:00,109.3800,109.4100,109.2164,109.2200,311600
2016-11-04 10:29:01,109.3000,109.4400,109.2100,109.3759,313600
2016-11-04 10:34:00,109.3700,109.3900,109.2100,109.2950,308400
2016-11-04 10:39:00,109.4901,109.5000,109.3300,109.3500,401300
2016-11-04 10:44:59,109.4341,109.5500,109.3700,109.4911,401900
2016-11-04 10:49:02,109.5500,109.6150,109.4200,109.4499,316100
2016-11-04 10:54:00,109.3900,109.6300,109.3900,109.5400,358100
2016-11-04 10:59:01,109.3900,109.4600,109.3249,109.3800,329900
2016-11-04 11:04:03,109.6500,109.6600,109.3500,109.3960,322100
2016-11-04 11:09:01,109.5800,109.6760,109.4900,109.6600,214800
2016-11-04 11:14:00,109.6900,109.7000,109.5200,109.5900,247300
2016-11-04 11:19:00,109.7800,109.8200,109.6300,109.6863,319200
2016-11-04 11:24:00,109.5800,109.8100,109.5658,109.7850,231500
2016-11-04 11:29:00,109.7600,109.8100,109.5400,109.5700,271500
2016-11-04 11:34:00,109.6400,109.7700,109.5500,109.7500,213100
2016-11-04 11:39:00,109.6000,109.6800,109.5500,109.6300,179900
2016-11-04 11:44:00,109.6600,109.6600,109.5500,109.5900,224400
2016-11-04 11:49:10,109.6700,109.7050,109.5800,109.6630,191800
2016-11-04 11:54:00,109.8400,109.8450,109.5900,109.6800,218500
2016-11-04 11:59:59,109.8390,109.9150,109.7500,109.8500,280600
2016-11-04 12:04:02,109.9400,109.9600,109.8200,109.8350,207500
2016-11-04 12:09:00,109.9200,109.9500,109.8900,109.9300,155500
2016-11-04 12:14:03,109.9300,109.9400,109.8200,109.9245,215000
2016-11-04 12:19:00,109.8500,109.9599,109.8300,109.9400,223000
2016-11-04 12:24:01,109.7700,109.8500,109.7500,109.8441,188600
2016-11-04 12:29:05,109.8631,109.8700,109.7500,109.7650,182000
2016-11-04 12:34:00,109.8580,109.9200,109.7800,109.8693,212000
2016-11-04 12:39:01,109.7600,109.8500,109.7500,109.8500,149900
2016-11-04 12:44:02,109.7600,109.8300,109.7400,109.7500,113000
2016-11-04 12:49:01,109.8500,109.8760,109.7600,109.7607,148000
2016-11-04 12:54:01,109.7800,109.8750,109.7350,109.8450,162100
2016-11-04 12:59:01,109.8585,109.8600,109.7400,109.7810,127000
2016-11-04 13:04:00,109.9100,109.9500,109.8200,109.8600,197200
2016-11-04 13:09:02,110.0993,110.1000,109.9000,109.9150,390100
2016-11-04 13:14:03,110.1800,110.1900,109.9900,110.1000,212500
2016-11-04 13:19:00,110.2125,110.2300,110.1300,110.1900,202900
2016-11-04 13:24:00,110.1000,110.2500,110.0741,110.2200,254900
2016-11-04 13:29:00,109.9050,110.1000,109.9000,110.0900,299400
2016-11-04 13:34:03,110.0000,110.0100,109.8800,109.9100,172400
2016-11-04 13:39:58,109.9711,110.0400,109.9600,109.9998,127200
2016-11-04 13:44:00,110.0200,110.0400,109.9100,109.9800,203500
2016-11-04 13:49:01,109.9720,110.0300,109.9500,110.0250,102100
2016-11-04 13:54:01,109.8700,109.9900,109.8625,109.9750,141000
2016-11-04 13:59:03,109.9600,109.9700,109.8650,109.8650,108800
2016-11-04 14:04:59,109.8100,109.9525,109.7900,109.9500,195200
2016-11-04 14:09:00,109.8400,109.8700,109.8000,109.8050,187400
2016-11-04 14:14:00,109.8200,109.8900,109.7400,109.8200,201200
2016-11-04 14:19:05,109.7550,109.8400,109.7500,109.8100,423700
2016-11-04 14:24:01,109.7740,109.8300,109.7500,109.7600,134100
2016-11-04 14:29:00,109.7000,109.7800,109.6510,109.7700,207800
2016-11-04 14:34:06,109.6200,109.7150,109.5800,109.6940,505600
2016-11-04 14:39:02,109.6134,109.6900,109.5800,109.6300,218600
2016-11-04 14:44:01,109.5600,109.6600,109.5542,109.6100,223700
2016-11-04 14:49:01,109.4187,109.6000,109.4100,109.5650,184000
2016-11-04 14:54:00,109.3300,109.5000,109.3300,109.4123,355000
2016-11-04 14:59:01,109.4200,109.4400,109.2800,109.3400,320800
2016-11-04 15:04:01,109.3100,109.4200,109.2800,109.4100,279300
2016-11-04 15:09:02,109.2650,109.3300,109.2400,109.3000,332500
2016-11-04 15:14:58,109.2800,109.3280,109.2100,109.2600,414600
2016-11-04 15:19:00,109.1400,109.3150,109.1200,109.2750,104700
2016-11-04 15:24:01,109.2364,109.2700,109.1400,109.1499,351300
2016-11-04 15:29:05,109.1900,109.2500,109.1200,109.2350,357800
2016-11-04 15:34:05,109.1500,109.2000,109.1100,109.1800,371300
2016-11-04 15:39:03,109.0800,109.1900,108.9900,109.1550,459400
2016-11-04 15:44:00,108.9700,109.1500,108.9700,109.0900,399500
2016-11-04 15:49:00,108.8600,109.0400,108.8400,108.9750,621900
2016-11-04 15:54:59,108.8650,108.8900,108.7400,108.8500,918600
2016-11-04 15:59:00,108.9400,108.9600,108.8600,108.8600,749800
2016-11-07 09:34:59,110.0510,110.5000,110.0400,110.0700,0
2016-11-07 09:39:59,109.9900,110.1500,109.9650,110.0800,856600
2016-11-07 09:44:01,110.0700,110.1500,109.9950,110.0000,646600
2016-11-07 09:49:05,109.6500,110.1190,109.5950,110.0650,842000
2016-11-07 09:54:59,109.8200,109.8400,109.4600,109.6400,768700
2016-11-07 09:59:02,109.7400,109.8700,109.6900,109.8341,385800
2016-11-07 10:04:02,109.5900,109.7800,109.5500,109.7300,407400
2016-11-07 10:09:59,109.7600,109.8000,109.5500,109.5850,491900
2016-11-07 10:14:00,109.8000,109.8300,109.6900,109.7550,403100
2016-11-07 10:19:59,109.9700,109.9800,109.8000,109.8050,362500
2016-11-07 10:24:59,109.9934,110.0297,109.9300,109.9800,732900
2016-11-07 10:29:00,110.0000,110.0100,109.9600,109.9958,358900
2016-11-07 10:34:05,109.9800,110.0100,109.9600,109.9989,311000
2016-11-07 10:39:03,109.7500,110.0200,109.7200,109.9900,506100
2016-11-07 10:44:12,109.7450,109.8300,109.6700,109.7450,396900
2016-11-07 10:49:00,109.8250,109.8700,109.7000,109.7500,288200
2016-11-07 10:54:59,109.8150,109.8550,109.7500,109.8200,215100
2016-11-07 10:59:55,109.8999,109.9400,109.8200,109.8200,419600
2016-11-07 11:04:02,109.9300,110.0000,109.8600,109.9000,398200
2016-11-07 11:09:00,109.9800,109.9900,109.9200,109.9400,356200
2016-11-07 11:14:00,109.9642,110.0300,109.9600,109.9750,600300
2016-11-07 11:19:59,109.9051,109.9800,109.8900,109.9700,287500
2016-11-07 11:24:00,109.9400,109.9600,109.8800,109.9100,232000
2016-11-07 11:29:03,109.9793,109.9900,109.8800,109.9601,249400
2016-11-07 11:34:03,110.0000,110.0250,109.9600,109.9850,395800
2016-11-07 11:39:02,110.0000,110.0100,109.9700,109.9791,300200
2016-11-07 11:44:00,109.9942,110.0300,109.9500,110.0052,389600
2016-11-07 11:49:01,109.9900,110.0500,109.9600,109.9900,437500
2016-11-07 11:54:00,110.0000,110.0200,109.9200,109.9941,268700
2016-11-07 11:59:00,110.0500,110.0690,109.9800,109.9950,281000
2016-11-07 12:04:02,110.0100,110.0700,109.9900,110.0539,415200
2016-11-07 12:09:00,109.9800,110.0323,109.9400,110.0200,211700
2016-11-07 12:14:04,110.0600,110.0600,109.9700,109.9734,227200
2016-11-07 12:19:00,110.0109,110.0600,110.0100,110.0500,203700
2016-11-07 12:24:02,110.0050,110.0600,110.0000,110.0194,167500
2016-11-07 12:29:58,110.0650,110.0700,109.9900,110.0000,454200
2016-11-07 12:34:02,110.0250,110.0900,110.0100,110.0700,183800
2016-11-07 12:39:02,109.9948,110.0500,109.9600,110.0200,181800
2016-11-07 12:44:00,110.0300,110.0500,109.9700,110.0000,137400
2016-11-07 12:49:01,110.0200,110.0500,109.9900,110.0350,148900
2016-11-07 12:54:00,110.0015,110.0200,109.9700,110.0200,153300
2016-11-07 12:59:03,110.0800,110.0800,109.9900,110.0000,246300
2016-11-07 13:04:03,110.0500,110.1200,110.0500,110.0745,353200
2016-11-07 13:09:00,110.0500,110.0600,110.0200,110.0450,158100
2016-11-07 13:14:04,110.0300,110.0550,110.0100,110.0400,135800
2016-11-07 13:19:03,110.1500,110.1500,110.0200,110.0400,557800
2016-11-07 13:24:59,110.1230,110.1500,110.0300,110.1400,213800
2016-11-07 13:29:00,110.1600,110.1800,110.1200,110.1300,270300
2016-11-07 13:34:00,110.2250,110.2300,110.1300,110.1550,131500
2016-11-07 13:39:00,110.3425,110.3600,110.2200,110.2201,284500
2016-11-07 13:44:04,110.3667,110.3900,110.3300,110.3500,213500
2016-11-07 13:49:01,110.3500,110.3700,110.3000,110.3658,173900
2016-11-07 13:54:00,110.3900,110.4400,110.3400,110.3400,234800
2016-11-07 13:59:58,110.4450,110.4500,110.3800,110.3800,170700
2016-11-07 14:04:02,110.4695,110.4800,110.4365,110.4481,253000
2016-11-07 14:09:00,110.4450,110.4732,110.3900,110.4600,202200
2016-11-07 14:14:00,110.4200,110.4900,110.4200,110.4420,207300
2016-11-07 14:19:18,110.4100,110.4600,110.3800,110.4233,216900
2016-11-07 14:24:58,110.4107,110.4200,110.3300,110.4090,194200
2016-11-07 14:29:00,110.2333,110.4200,110.2300,110.4200,363200
2016-11-07 14:34:02,110.2050,110.2700,110.1700,110.2400,264100
2016-11-07 14:39:03,110.1900,110.2100,110.1500,110.2000,194900
2016-11-07 14:44:00,109.9900,110.2000,109.9700,110.1800,334300
2016-11-07 14:49:00,109.7800,109.9900,109.7305,109.9800,450800
2016-11-07 14:54:00,109.8000,109.9101,109.7850,109.7857,355300
2016-11-07 14:59:00,109.9300,109.9300,109.7800,109.7932,204300
2016-11-07 15:04:00,109.9000,109.9400,109.8400,109.9250,239700
2016-11-07 15:09:03,109.8801,109.9500,109.8800,109.8900,178900
2016-11-07 15:14:01,109.9441,109.9800,109.8800,109.8800,190100
2016-11-07 15:19:00,110.0000,110.0500,109.9300,109.9500,273700
2016-11-07 15:24:54,109.9800,110.0800,109.9700,110.0050,277600
2016-11-07 15:29:59,109.9510,110.0200,109.9300,109.9700,236700
2016-11-07 15:34:57,109.9133,109.9659,109.8400,109.9600,303500
2016-11-07 15:39:02,110.0450,110.0580,109.8850,109.9150,319300
2016-11-07 15:44:00,110.0401,110.0800,110.0200,110.0455,333500
2016-11-07 15:49:00,110.3700,110.3700,110.0400,110.0400,538700
2016-11-07 15:54:00,110.4600,110.4600,110.3400,110.3800,610500
2016-11-07 15:59:00,110.3800,110.5100,110.3600,110.4500,1442000
2016-11-07 16:00:00,110.4100,110.4100,110.4100,110.4100,22600
2016-11-08 09:34:00,110.2400,110.3800,110.1600,110.3400,0
2016-11-08 09:39:05,110.0342,110.2980,109.9800,110.2200,476600
2016-11-08 09:44:07,110.0300,110.1300,110.0100,110.0400,304600
2016-11-08 09:49:03,109.9600,110.1000,109.9400,110.0400,269800
2016-11-08 09:54:01,109.9100,109.9900,109.8200,109.9700,384700
2016-11-08 09:59:59,109.9400,109.9800,109.8800,109.9000,254900
2016-11-08 10:04:00,109.9000,109.9600,109.8800,109.9300,240600
2016-11-08 10:09:59,109.8050,109.9200,109.7000,109.9000,294400
2016-11-08 10:14:59,109.7800,109.8600,109.7400,109.8000,214900
2016-11-08 10:19:03,109.8150,109.8500,109.7500,109.7744,282800
2016-11-08 10:24:02,109.9600,109.9900,109.8000,109.8146,275600
2016-11-08 10:29:00,110.0442,110.0500,109.9600,109.9700,284300
2016-11-08 10:34:03,110.0800,110.1300,109.9900,110.0450,200100
2016-11-08 10:39:58,110.0450,110.1000,110.0200,110.0799,134600
2016-11-08 10:44:04,109.9400,110.0700,109.9400,110.0400,241000
2016-11-08 10:49:59,110.0700,110.0700,109.9300,109.9350,245400
2016-11-08 10:54:56,110.0500,110.1100,110.0300,110.0699,172000
2016-11-08 10:59:01,110.0300,110.0800,110.0000,110.0600,250900
2016-11-08 11:04:01,110.0000,110.0400,109.9700,110.0200,171800
2016-11-08 11:09:00,110.1150,110.1300,109.9900,109.9950,259100
2016-11-08 11:14:02,110.3100,110.3200,110.0900,110.1101,281700
2016-11-08 11:19:00,110.3600,110.4400,110.3200,110.3200,301400
2016-11-08 11:24:01,110.3943,110.5600,110.3450,110.3553,412200
2016-11-08 11:29:59,110.4700,110.5000,110.3600,110.4000,260200
2016-11-08 11:34:00,110.6500,110.6800,110.4400,110.4753,491400
2016-11-08 11:39:03,110.5800,110.6900,110.5800,110.6550,229200
2016-11-08 11:44:02,110.5761,110.6000,110.5300,110.5825,195400
2016-11-08 11:49:00,110.6100,110.6147,110.5499,110.5800,207300
2016-11-08 11:54:07,110.8000,110.8200,110.6032,110.6032,265200
2016-11-08 11:59:59,110.9140,110.9400,110.8000,110.8100,270300
2016-11-08 12:04:59,111.0700,111.0900,110.9000,110.9130,416000
2016-11-08 12:09:00,111.1400,111.2100,111.0750,111.0750,423800
2016-11-08 12:14:00,111.1900,111.2100,111.1000,111.1500,226900
2016-11-08 12:19:00,111.3500,111.4000,111.1735,111.2000,360800
2016-11-08 12:24:00,111.5100,111.5700,111.3400,111.3600,357600
2016-11-08 12:29:01,111.4600,111.6093,111.4300,111.5135,320700
2016-11-08 12:34:59,111.2663,111.4800,111.2600,111.4650,421500
2016-11-08 12:39:00,111.3300,111.3600,111.2600,111.2600,163700
2016-11-08 12:44:00,111.3800,111.4500,111.2939,111.3200,229500
2016-11-08 12:49:03,111.4300,111.4700,111.3300,111.3840,133400
2016-11-08 12:54:00,111.5900,111.6300,111.4200,111.4200,284400
2016-11-08 12:59:00,111.6400,111.7100,111.5662,111.5993,169000
2016-11-08 13:04:00,111.6100,111.6900,111.6000,111.6500,206000
2016-11-08 13:09:59,111.4067,111.6470,111.3950,111.6000,254100
2016-11-08 13:14:00,111.4700,111.5100,111.4100,111.4100,218400
2016-11-08 13:19:00,111.3700,111.4700,111.2960,111.4600,235900
2016-11-08 13:24:59,111.2800,111.4500,111.2600,111.3800,210900
2016-11-08 13:29:00,111.2200,111.3800,111.2200,111.2900,233000
2016-11-08 13:34:00,111.3400,111.3700,111.1350,111.2250,337300
2016-11-08 13:39:00,111.3450,111.5000,111.3300,111.3500,400200
2016-11-08 13:44:02,111.3334,111.3800,111.3100,111.3500,220200
2016-11-08 13:49:00,111.2700,111.3500,111.2534,111.3300,160600
2016-11-08 13:54:58,111.1750,111.2900,111.1500,111.2639,147500
2016-11-08 13:59:08,111.1370,111.1900,111.1200,111.1700,153200
2016-11-08 14:04:00,111.1200,111.1700,111.0500,111.1340,231200
2016-11-08 14:09:00,111.0711,111.1700,111.0711,111.1100,119900
2016-11-08 14:14:03,110.9000,111.0900,110.8900,111.0700,259800
2016-11-08 14:19:00,110.8400,110.9400,110.8100,110.8900,265800
2016-11-08 14:24:00,110.9600,111.0228,110.8337,110.8500,217700
2016-11-08 14:29:58,111.0266,111.0410,110.9300,110.9700,180700
2016-11-08 14:34:10,110.9100,111.0400,110.9000,111.0200,163000
2016-11-08 14:39:02,110.8700,110.9200,110.8150,110.9090,170400
2016-11-08 14:44:00,110.7550,110.9000,110.7000,110.8600,291000
2016-11-08 14:49:00,110.7970,110.8200,110.6600,110.7600,208700
2016-11-08 14:54:59,110.8750,110.9200,110.7800,110.7870,273400
2016-11-08 14:59:03,110.9100,110.9520,110.8100,110.8800,157600
2016-11-08 15:04:02,110.8300,110.9300,110.8200,110.9180,178700
2016-11-08 15:09:00,111.0100,111.0100,110.8210,110.8310,224000
2016-11-08 15:14:00,110.9800,111.0700,110.9640,111.0101,234400
2016-11-08 15:19:04,110.8800,111.0000,110.8600,110.9900,194500
2016-11-08 15:20:00,110.8900,110.8960,110.8900,110.8900,317400
2016-11-08 15:29:01,110.9700,110.9900,110.8900,110.9300,108800
2016-11-08 15:34:02,111.3000,111.3200,110.9600,110.9800,515300
2016-11-08 15:39:59,111.2700,111.3800,111.2200,111.3020,398600
2016-11-08 15:44:05,111.2100,111.2800,111.1500,111.2650,410000
2016-11-08 15:49:59,111.2650,111.4100,111.2150,111.2150,508100
2016-11-08 15:54:02,111.1220,111.3000,111.0500,111.2800,672500
2016-11-08 15:59:00,111.0700,111.2100,110.8400,111.1300,1076300
2016-11-08 16:00:00,111.0600,111.0600,111.0600,111.0600,600
2016-11-09 09:34:01,109.6250,110.6100,109.5800,109.8800,0
2016-11-09 09:39:00,108.9100,109.9500,108.8600,109.6100,2387000
2016-11-09 09:44:00,108.6500,108.9200,108.0500,108.9100,2725500
2016-11-09 09:49:00,109.4600,109.5900,108.6000,108.6550,2197600
2016-11-09 09:54:01,109.5200,109.8200,109.0545,109.4599,1742100
2016-11-09 09:59:59,109.2484,109.8000,109.1500,109.5200,1178900
2016-11-09 10:04:00,109.2500,109.4300,108.7500,109.2500,1201200
2016-11-09 10:09:00,108.9000,109.2837,108.8500,109.2525,799100
2016-11-09 10:14:00,108.9300,109.0000,108.7000,108.9100,931900
2016-11-09 10:19:00,108.5940,108.9350,108.4600,108.9150,879100
2016-11-09 10:24:59,108.5200,108.9000,108.5200,108.5800,686500
2016-11-09 10:29:01,108.8000,108.9600,108.5100,108.5293,696800
2016-11-09 10:34:01,108.6350,108.8300,108.5600,108.7950,556900
2016-11-09 10:39:00,108.5450,108.6600,108.5000,108.6300,582200
2016-11-09 10:44:00,108.7800,108.8600,108.4400,108.5500,888700
2016-11-09 10:49:59,108.6299,108.8100,108.5300,108.7811,497900
2016-11-09 10:54:59,108.8250,108.8900,108.5726,108.6300,601300
2016-11-09 10:59:00,109.0300,109.1900,108.8000,108.8300,791200
2016-11-09 11:04:00,108.9900,109.2100,108.8600,109.0200,734600
2016-11-09 11:09:00,108.9900,109.1400,108.8400,108.9800,438100
2016-11-09 11:14:00,109.3205,109.3700,108.9800,108.9850,655800
2016-11-09 11:19:02,109.5450,109.6000,109.2800,109.3198,718800
2016-11-09 11:24:05,109.6263,109.7900,109.5300,109.5400,571400
2016-11-09 11:29:59,109.6770,109.7000,109.4300,109.6300,570200
2016-11-09 11:34:00,109.9900,110.0000,109.6299,109.6800,1003300
2016-11-09 11:39:00,109.8999,110.1800,109.7300,110.0000,984700
2016-11-09 11:44:00,109.6300,110.0000,109.6300,109.9000,592300
2016-11-09 11:49:59,109.9750,109.9900,109.5600,109.6358,492600
2016-11-09 11:54:00,110.1700,110.1900,109.8900,109.9800,537400
2016-11-09 11:59:00,109.7900,110.1800,109.7000,110.1800,585700
2016-11-09 12:04:00,109.6300,109.8800,109.6100,109.8000,434600
2016-11-09 12:09:00,109.2800,109.7261,109.2500,109.6363,469800
2016-11-09 12:14:00,109.3434,109.4500,109.1400,109.2700,449300
2016-11-09 12:19:00,109.6900,109.7600,109.3400,109.3400,348900
2016-11-09 12:24:01,109.6500,109.7200,109.6141,109.6950,366100
2016-11-09 12:29:58,109.6334,109.7100,109.5200,109.6400,371200
2016-11-09 12:34:00,109.7300,109.8200,109.4700,109.6323,424100
2016-11-09 12:39:00,109.6400,109.8900,109.6000,109.7366,355100
2016-11-09 12:44:00,109.8700,109.8792,109.6500,109.6600,289600
2016-11-09 12:49:00,109.7200,109.9000,109.6300,109.8600,231300
2016-11-09 12:54:00,109.7300,109.8700,109.7200,109.7300,1251900
2016-11-09 12:59:04,109.9950,110.0400,109.6900,109.7200,337200
2016-11-09 13:04:01,109.8900,110.0800,109.8750,109.9973,323300
2016-11-09 13:09:02,109.9200,110.0800,109.8800,109.8800,352700
2016-11-09 13:14:00,110.1200,110.1600,109.8900,109.9300,271500
2016-11-09 13:19:02,109.7810,110.1250,109.6600,110.1240,348100
2016-11-09 13:24:00,109.2300,109.7877,109.1900,109.7835,526300
2016-11-09 13:29:00,109.2900,109.4300,109.1900,109.2400,410600
2016-11-09 13:34:00,109.5701,109.5888,109.2000,109.2960,365100
2016-11-09 13:39:00,109.6600,109.7200,109.5500,109.5750,247300
2016-11-09 13:44:02,109.9300,109.9300,109.6000,109.6700,225700
2016-11-09 13:49:00,109.9200,109.9264,109.7800,109.9200,278600
2016-11-09 13:54:01,109.8811,109.9700,109.8000,109.9300,242500
2016-11-09 13:59:01,109.6050,109.9700,109.5700,109.8800,370100
2016-11-09 14:04:04,109.7600,109.8200,109.4800,109.6100,300400
2016-11-09 14:09:02,109.9400,109.9600,109.7600,109.7650,334900
2016-11-09 14:14:00,110.1400,110.1700,109.9047,109.9365,458700
2016-11-09 14:19:00,110.3700,110.3700,110.0700,110.1499,517400
2016-11-09 14:24:00,110.5800,110.5800,110.3100,110.3500,496600
2016-11-09 14:29:00,110.5200,110.7400,110.4700,110.5700,561100
2016-11-09 14:34:01,110.6600,110.7800,110.5000,110.5384,491400
2016-11-09 14:39:59,110.7800,110.8000,110.5150,110.6500,308800
2016-11-09 14:44:00,110.8910,110.9200,110.7850,110.7850,501000
2016-11-09 14:49:00,110.8400,110.9800,110.6400,110.8986,439400
2016-11-09 14:54:00,110.7400,110.8461,110.6300,110.8440,380700
2016-11-09 14:59:01,110.6000,110.7690,110.5600,110.7300,350700
2016-11-09 15:04:02,110.8800,110.8900,110.6100,110.6100,480600
2016-11-09 15:09:01,110.8550,110.9300,110.7600,110.8900,302500
2016-11-09 15:14:00,111.0050,111.0100,110.8101,110.8505,503100
2016-11-09 15:19:59,111.2501,111.2550,110.9900,111.0000,458800
2016-11-09 15:24:00,110.9600,111.3200,110.9600,111.2485,547800
2016-11-09 15:29:00,110.8201,111.0900,110.8100,110.9650,382600
2016-11-09 15:34:00,110.7100,110.8800,110.6500,110.8292,462300
2016-11-09 15:39:02,110.7300,110.8300,110.6700,110.7150,357700
2016-11-09 15:44:01,110.6636,110.7900,110.5500,110.7150,518300
2016-11-09 15:49:00,110.5500,110.6650,110.4700,110.6600,750200
2016-11-09 15:54:00,110.6800,110.9100,110.5700,110.5800,921100
2016-11-09 15:59:00,110.7700,110.8100,110.6500,110.6900,0
2016-11-09 16:00:00,110.8800,110.8800,110.8800,110.8800,36000
2016-11-10 09:34:59,110.4900,111.0900,110.3800,111.0900,1663000
2016-11-10 09:39:58,110.3000,110.7800,110.2300,110.5200,729700
2016-11-10 09:44:00,110.6400,110.7148,110.2950,110.2975,953400
2016-11-10 09:49:01,110.9800,111.0000,110.5900,110.6100,680200
2016-11-10 09:54:00,110.4501,111.0000,110.1500,111.0000,977200
2016-11-10 09:59:01,110.2900,110.4950,110.1500,110.4700,534800
2016-11-10 10:04:03,110.1800,110.5900,110.1700,110.3200,588200
2016-11-10 10:09:59,109.4353,110.2600,109.3200,110.1900,1300000
2016-11-10 10:14:00,108.8900,109.5100,108.8900,109.4400,1468800
2016-11-10 10:19:00,108.5300,109.0700,108.5100,108.9000,1632600
2016-11-10 10:24:59,108.4465,108.7500,108.4000,108.5100,933500
2016-11-10 10:29:00,107.7782,108.4900,107.7200,108.4430,1639900
2016-11-10 10:34:00,107.8900,108.3100,107.7443,107.7650,1537300
2016-11-10 10:39:00,106.2300,107.9600,106.0100,107.9042,2492100
2016-11-10 10:44:00,107.8300,107.8700,105.8300,106.2201,2799000
2016-11-10 10:49:00,107.6050,108.0010,107.3500,107.8380,1515200
2016-11-10 10:54:00,107.4189,107.8500,107.4000,107.6000,1127200
2016-11-10 10:59:00,106.9800,107.7400,106.8300,107.4300,1198200
2016-11-10 11:04:02,107.1200,107.4557,106.7900,106.9700,959800
2016-11-10 11:09:00,107.2800,107.5000,107.1100,107.1100,952300
2016-11-10 11:14:59,107.2800,107.2800,106.8400,107.2758,1323800
2016-11-10 11:19:01,107.1600,107.4900,107.0300,107.2742,620900
2016-11-10 11:24:59,107.6999,107.7699,107.1500,107.1500,971800
2016-11-10 11:29:00,107.6500,107.9200,107.5200,107.7000,708200
2016-11-10 11:34:00,107.6700,107.7500,107.5400,107.6700,577500
2016-11-10 11:39:02,107.3300,107.7200,107.1700,107.6735,562200
2016-11-10 11:44:00,107.7300,107.7800,107.2100,107.3200,610700
2016-11-10 11:49:00,107.7200,108.0200,107.6300,107.7300,891700
2016-11-10 11:54:02,107.5500,107.8400,107.3900,107.7250,519300
2016-11-10 11:59:00,107.4000,107.5800,107.2800,107.5442,408500
2016-11-10 12:04:00,107.6300,107.7461,107.3790,107.3900,526000
2016-11-10 12:09:03,107.7100,107.9300,107.6400,107.6400,562600
2016-11-10 12:14:02,107.6450,107.8900,107.6200,107.7461,372200
2016-11-10 12:19:00,107.3800,107.5900,107.3400,107.5900,416200
2016-11-10 12:24:59,107.4811,107.4896,107.2100,107.3700,418700
2016-11-10 12:29:00,107.2000,107.5200,107.1800,107.4800,354600
2016-11-10 12:34:00,107.3800,107.3900,107.1600,107.1900,577400
2016-11-10 12:39:01,107.3558,107.5250,107.3200,107.3900,289600
2016-11-10 12:44:00,107.2700,107.3500,107.1100,107.3500,416300
2016-11-10 12:49:00,107.4500,107.5200,107.2600,107.2658,323000
2016-11-10 12:54:00,107.8542,107.9900,107.4200,107.4661,531700
2016-11-10 12:59:00,108.0573,108.0700,107.7300,107.8500,512900
2016-11-10 13:04:00,107.9200,108.1400,107.8800,108.0600,458900
2016-11-10 13:09:00,108.1700,108.1800,107.8150,107.9100,460600
2016-11-10 13:14:02,108.3000,108.5300,108.1712,108.1712,678000
2016-11-10 13:19:00,108.1900,108.3890,108.1300,108.2900,384000
2016-11-10 13:24:03,108.1900,108.4000,108.1400,108.1800,302000
2016-11-10 13:29:00,108.1300,108.1998,107.9700,108.1998,421300
2016-11-10 13:34:00,108.2700,108.3150,108.1237,108.1237,264700
2016-11-10 13:38:31,108.3700,108.3700,108.3700,108.3700,260300
2016-11-10 13:49:57,108.6400,108.6800,108.3600,108.4500,936100
2016-11-10 13:53:00,108.5400,108.6800,108.5100,108.6700,801300
2016-11-10 14:04:59,108.5750,108.6300,108.4500,108.5500,195500
2016-11-10 14:09:59,108.5339,108.7700,108.4100,108.5700,493500
2016-11-10 14:14:01,108.6000,108.7000,108.4600,108.5350,295900
2016-11-10 14:19:00,108.4799,108.6199,108.3200,108.5900,371700
2016-11-10 14:24:01,108.5800,108.6200,108.4300,108.4750,296600
2016-11-10 14:29:00,108.6300,108.6800,108.5500,108.5700,258400
2016-11-10 14:34:00,108.3600,108.7400,108.3200,108.6100,376800
2016-11-10 14:39:01,108.4000,108.4100,108.1900,108.3500,376300
2016-11-10 14:44:00,108.4200,108.4800,108.3400,108.4000,262400
2016-11-10 14:49:00,108.4180,108.6300,108.3600,108.4100,345200
2016-11-10 14:54:01,108.4500,108.4900,108.3277,108.3990,312500
2016-11-10 14:59:00,108.5900,108.5900,108.3300,108.4800,246500
2016-11-10 15:04:00,108.6750,108.6800,108.4100,108.5901,319800
2016-11-10 15:09:01,108.4800,108.6500,108.3600,108.6500,261800
2016-11-10 15:14:00,108.4200,108.5000,108.3328,108.4700,284400
2016-11-10 15:19:00,108.3600,108.4650,108.3400,108.4250,269200
2016-11-10 15:24:02,108.3500,108.4500,108.3100,108.3500,398300
2016-11-10 15:29:03,108.2734,108.3700,108.1900,108.3580,326600
2016-11-10 15:34:00,107.8300,108.2761,107.8300,108.2761,696800
2016-11-10 15:39:00,107.6217,108.0000,107.5400,107.8248,691700
2016-11-10 15:44:00,107.4800,107.6150,107.4050,107.6150,941100
2016-11-10 15:49:00,107.7400,107.7400,107.3950,107.4750,1039200
2016-11-10 15:54:00,107.6900,107.7700,107.6200,107.7350,738500
2016-11-10 15:59:00,107.7900,107.9300,107.6500,107.6850,3591200
2016-11-10 16:00:00,107.7900,107.7900,107.7900,107.7900,0
2016-11-11 09:34:09,106.8000,107.5500,106.5700,107.2100,0
2016-11-11 09:39:00,107.0500,107.1300,106.5599,106.6082,948100
2016-11-11 09:44:59,107.8528,107.9000,107.0650,107.1000,1193700
2016-11-11 09:49:00,108.2600,108.2900,107.7800,107.8646,1264500
2016-11-11 09:54:00,107.4800,108.3100,107.4700,108.3100,803200
2016-11-11 09:59:00,107.5100,107.7300,107.3950,107.4600,550700
2016-11-11 10:04:00,108.1600,108.1800,107.3400,107.4900,962400
2016-11-11 10:09:00,108.3500,108.4100,108.1000,108.1900,843700
2016-11-11 10:14:00,108.3900,108.4800,108.2300,108.3061,622900
2016-11-11 10:19:00,108.0700,108.4200,108.0300,108.4200,599600
2016-11-11 10:24:01,108.0200,108.2000,107.9300,108.0600,533500
2016-11-11 10:29:01,107.7800,108.0150,107.6200,108.0125,645200
2016-11-11 10:34:02,108.0050,108.0201,107.6501,107.7900,596400
2016-11-11 10:39:03,108.0200,108.1340,107.7746,108.0100,483000
2016-11-11 10:44:59,108.1482,108.1499,107.8400,108.0132,420700
2016-11-11 10:49:03,107.9900,108.1700,107.9200,108.1500,319400
2016-11-11 10:54:02,108.1500,108.1700,107.8100,107.9700,475900
2016-11-11 10:59:01,108.3200,108.3811,108.0300,108.1600,402400
2016-11-11 11:04:00,108.2990,108.3000,108.1500,108.2900,333900
2016-11-11 11:09:05,108.2800,108.4000,108.2500,108.2900,349700
2016-11-11 11:14:03,108.1300,108.3300,107.9202,108.3100,444900
2016-11-11 11:19:59,107.9989,108.1400,107.9000,108.1100,332800
2016-11-11 11:24:00,108.1511,108.2250,107.9200,108.0000,339000
2016-11-11 11:29:57,108.2011,108.2700,108.0850,108.1450,243200
2016-11-11 11:34:01,108.2168,108.3700,108.1500,108.2000,316600
2016-11-11 11:39:02,108.4000,108.4000,108.2200,108.2200,310700
2016-11-11 11:44:00,108.1900,108.4700,108.1900,108.4000,392900
2016-11-11 11:49:00,107.9400,108.2650,107.8300,108.1800,364800
2016-11-11 11:54:03,108.1300,108.1500,107.9300,107.9300,205300
2016-11-11 11:59:00,108.1700,108.2600,108.0800,108.1399,317900
2016-11-11 12:04:04,108.1599,108.3262,108.0650,108.1750,334400
2016-11-11 12:09:01,108.3150,108.3597,108.1200,108.1457,336900
2016-11-11 12:14:00,108.3700,108.4350,108.2500,108.3200,264800
2016-11-11 12:19:02,108.6300,108.6800,108.3500,108.3699,618100
2016-11-11 12:24:01,108.5100,108.6450,108.4100,108.6400,269000
2016-11-11 12:29:59,108.6140,108.6200,108.4200,108.5199,302100
2016-11-11 12:34:57,108.5750,108.7900,108.5100,108.6200,389700
2016-11-11 12:39:00,108.7400,108.8100,108.5300,108.5758,282300
2016-11-11 12:44:04,108.6900,108.8700,108.6199,108.7500,433400
2016-11-11 12:49:01,108.6400,108.7793,108.5400,108.6800,260700
2016-11-11 12:54:00,108.5700,108.6500,108.4850,108.6300,241700
2016-11-11 12:59:00,108.5500,108.5750,108.4500,108.5750,195100
2016-11-11 13:04:08,108.6000,108.6200,108.4900,108.5650,224500
2016-11-11 13:09:00,108.7100,108.7100,108.5450,108.5950,190700
2016-11-11 13:14:00,108.7200,108.8000,108.6400,108.7000,188100
2016-11-11 13:19:03,108.5500,108.8100,108.5500,108.7162,378600
2016-11-11 13:24:01,108.6000,108.6120,108.5300,108.5600,248600
2016-11-11 13:29:01,108.6500,108.7050,108.5800,108.6038,208000
2016-11-11 13:34:01,108.2950,108.6700,108.2400,108.6473,336000
2016-11-11 13:39:00,108.3380,108.4800,108.1800,108.2925,331500
2016-11-11 13:44:03,108.4500,108.4700,108.3200,108.3300,195800
2016-11-11 13:49:01,108.3900,108.4800,108.2800,108.4600,171300
2016-11-11 13:54:09,108.3257,108.3966,108.3200,108.3800,137400
2016-11-11 13:59:01,108.2800,108.3900,108.2412,108.3500,224500
2016-11-11 14:04:01,108.0800,108.2700,108.0600,108.2700,355900
2016-11-11 14:09:01,108.1900,108.2100,108.0500,108.0650,328700
2016-11-11 14:14:00,108.2800,108.3100,108.1250,108.2000,265800
2016-11-11 14:19:00,108.3200,108.3400,108.2500,108.2700,203800
2016-11-11 14:24:00,108.3700,108.4500,108.2940,108.3150,252600
2016-11-11 14:29:01,108.2400,108.3900,108.2100,108.3800,180600
2016-11-11 14:34:21,108.2400,108.2600,108.1800,108.2400,176300
2016-11-11 14:39:00,108.0800,108.2600,108.0289,108.2200,295100
2016-11-11 14:44:00,108.0900,108.1400,108.0500,108.0700,212300
2016-11-11 14:49:01,107.9910,108.1000,107.9800,108.0950,261600
2016-11-11 14:54:01,108.1000,108.1100,107.9900,107.9900,152700
2016-11-11 14:59:04,108.0100,108.1100,107.9600,108.0900,264900
2016-11-11 15:04:02,108.0700,108.0857,108.0100,108.0200,240400
2016-11-11 15:09:01,108.1850,108.1900,108.0733,108.0800,179200
2016-11-11 15:14:00,108.2800,108.3400,108.1557,108.2000,218100
2016-11-11 15:19:00,108.2350,108.3400,108.2050,108.2799,219900
2016-11-11 15:24:01,108.2350,108.3100,108.2000,108.2300,222300
2016-11-11 15:29:03,108.1900,108.2600,108.1566,108.2300,187700
2016-11-11 15:34:00,108.2501,108.3000,108.1901,108.1901,330300
2016-11-11 15:39:59,108.1400,108.2900,108.1200,108.2600,348400
2016-11-11 15:44:01,108.2100,108.2350,108.1400,108.1500,297400
2016-11-11 15:49:00,108.3050,108.3700,108.1800,108.2199,500100
2016-11-11 15:54:02,108.5366,108.5700,108.3100,108.3200,677500
2016-11-11 15:59:00,108.4400,108.6200,108.3700,108.5350,1017100
2016-11-11 16:00:00,108.4200,108.4200,108.4200,108.4200,100
2016-11-14 09:34:00,106.9500,107.7900,106.8700,107.7100,0
2016-11-14 09:39:00,106.8700,107.2300,106.8300,106.9400,1165200
2016-11-14 09:44:00,106.7400,106.9200,106.6700,106.8900,857600
2016-11-14 09:49:00,106.5400,106.8700,106.5400,106.7200,900400
2016-11-14 09:54:00,106.3290,106.6600,106.2400,106.5500,1013300
2016-11-14 09:59:00,106.0400,106.5100,106.0000,106.3300,977200
2016-11-14 10:04:00,105.4100,106.0500,105.3900,106.0500,1523100
2016-11-14 10:09:59,105.8390,105.9200,105.3900,105.4200,1707600
2016-11-14 10:14:00,106.2000,106.2200,105.6600,105.8305,956300
2016-11-14 10:19:00,106.0100,106.3100,105.8500,106.2007,824100
2016-11-14 10:24:00,105.8800,106.0200,105.7100,106.0200,759800
2016-11-14 10:29:59,105.6311,105.9300,105.5200,105.8900,896700
2016-11-14 10:34:00,105.4562,105.6600,105.3500,105.6300,886000
2016-11-14 10:39:00,105.4100,105.7600,105.4031,105.4600,818600
2016-11-14 10:44:00,105.3000,105.4700,105.2500,105.4100,810800
2016-11-14 10:49:00,105.0300,105.3050,105.0000,105.3008,1386300
2016-11-14 10:54:00,105.0600,105.2500,104.9600,105.0386,928700
2016-11-14 10:59:59,104.8500,105.0600,104.7800,105.0500,859600
2016-11-14 11:04:00,104.7363,104.8700,104.5200,104.8600,1230200
2016-11-14 11:09:00,104.5600,104.7700,104.1100,104.7400,1945100
2016-11-14 11:14:00,104.8900,104.9900,104.5420,104.5498,1093800
2016-11-14 11:19:02,105.1800,105.2200,104.8300,104.8800,884500
2016-11-14 11:24:01,105.2600,105.4000,105.1700,105.2025,714800
2016-11-14 11:29:59,104.8368,105.2600,104.8300,105.2590,704400
2016-11-14 11:34:00,104.8600,105.1000,104.8200,104.8350,565100
2016-11-14 11:39:01,105.1900,105.3000,104.8308,104.8500,598000
2016-11-14 11:44:00,105.1800,105.2600,104.9750,105.1800,470000
2016-11-14 11:49:02,105.3700,105.5500,105.1000,105.1700,824200
2016-11-14 11:54:00,105.3600,105.5000,105.2700,105.3701,480400
2016-11-14 11:59:00,105.3250,105.4500,105.1900,105.3500,398000
2016-11-14 12:04:01,105.2200,105.4100,105.2100,105.3450,289500
2016-11-14 12:09:00,105.1992,105.4400,105.1650,105.2169,473900
2016-11-14 12:14:00,105.2300,105.2600,105.1200,105.2321,350000
2016-11-14 12:19:01,105.1500,105.2400,105.0908,105.2250,299800
2016-11-14 12:24:01,104.8938,105.1400,104.8400,105.1400,495400
2016-11-14 12:29:00,104.7100,104.9100,104.6400,104.8999,606400
2016-11-14 12:34:59,104.7241,104.8698,104.6501,104.7000,411700
2016-11-14 12:39:01,104.8600,104.8600,104.5600,104.7300,413600
2016-11-14 12:44:00,104.6907,104.9100,104.5900,104.8700,404500
2016-11-14 12:49:01,104.8211,104.9800,104.6520,104.6900,268900
2016-11-14 12:54:00,105.0023,105.0900,104.8107,104.8262,426200
2016-11-14 12:59:00,105.2600,105.3000,104.9200,105.0093,362000
2016-11-14 13:04:01,105.3000,105.3840,105.2600,105.2634,352100
2016-11-14 13:09:02,105.4840,105.5100,105.2200,105.2900,652500
2016-11-14 13:14:01,105.5900,105.6000,105.3792,105.4900,352000
2016-11-14 13:19:00,105.5700,105.7300,105.4600,105.5995,403400
2016-11-14 13:24:00,105.4900,105.6500,105.4700,105.5650,277100
2016-11-14 13:29:00,105.6000,105.6000,105.3600,105.4740,308300
2016-11-14 13:34:59,105.7100,105.9000,105.5850,105.6002,466800
2016-11-14 13:39:59,105.8200,105.9400,105.7100,105.7199,394800
2016-11-14 13:44:58,105.5400,105.8200,105.5100,105.8111,424100
2016-11-14 13:49:01,105.3900,105.6100,105.3300,105.5300,347600
2016-11-14 13:54:00,105.5300,105.5401,105.2600,105.3988,383000
2016-11-14 13:59:00,105.4400,105.6000,105.2800,105.5200,309500
2016-11-14 14:04:02,105.3700,105.4700,105.3200,105.4300,348700
2016-11-14 14:09:00,105.4260,105.4332,105.2302,105.3701,415200
2016-11-14 14:14:01,105.3840,105.4800,105.2900,105.4100,320000
2016-11-14 14:19:01,105.3800,105.5500,105.2800,105.3816,259300
2016-11-14 14:24:00,105.3400,105.4100,105.2100,105.3600,309900
2016-11-14 14:29:01,105.1900,105.3600,105.1500,105.3300,332300
2016-11-14 14:34:00,105.2100,105.2570,105.1100,105.1956,289200
2016-11-14 14:39:01,105.4100,105.4300,105.1900,105.2000,424800
2016-11-14 14:44:00,105.4358,105.6000,105.3600,105.4298,375500
2016-11-14 14:49:59,105.8200,105.8400,105.4000,105.4375,373100
2016-11-14 14:54:00,105.8700,106.0699,105.7600,105.8259,522300
2016-11-14 14:59:00,106.2000,106.2200,105.8700,105.8800,561500
2016-11-14 15:04:02,106.0050,106.3000,106.0000,106.1900,554800
2016-11-14 15:09:00,105.8700,106.0300,105.7650,106.0100,411200
2016-11-14 15:14:59,105.8358,105.9400,105.8250,105.8675,255800
2016-11-14 15:19:59,105.8958,105.9600,105.8200,105.8300,242100
2016-11-14 15:24:00,105.7190,105.9000,105.6900,105.8900,304400
2016-11-14 15:29:00,105.6501,105.7300,105.5600,105.7150,371700
2016-11-14 15:34:02,105.7500,105.8600,105.6565,105.6600,354100
2016-11-14 15:39:00,105.6300,105.7700,105.6000,105.7600,360700
2016-11-14 15:44:01,105.5850,105.6250,105.4000,105.6110,598800
2016-11-14 15:49:00,105.5550,105.6250,105.4800,105.5844,453900
2016-11-14 15:54:01,105.6650,105.7100,105.5500,105.5500,572000
2016-11-14 15:59:00,105.7000,105.7700,105.6100,105.6650,1201500
2016-11-14 16:00:00,105.7400,105.7400,105.7400,105.7400,200
2016-11-15 09:34:03,106.4100,106.7400,106.1800,106.6733,0
2016-11-15 09:39:02,106.8692,107.1000,106.4700,106.4700,1089500
2016-11-15 09:44:01,107.0100,107.2500,106.8241,106.8400,988100
2016-11-15 09:49:00,106.8600,107.0700,106.8200,106.9800,625200
2016-11-15 09:54:59,106.7300,106.8790,106.5100,106.8300,976400
2016-11-15 09:59:03,106.9700,106.9800,106.7099,106.7200,607200
2016-11-15 10:04:01,107.3000,107.3700,106.9300,106.9650,915400
2016-11-15 10:09:01,107.4100,107.4550,107.2800,107.3100,710600
2016-11-15 10:14:04,107.5002,107.6000,107.4150,107.4300,812300
2016-11-15 10:19:00,107.5200,107.6800,107.4700,107.5100,584700
2016-11-15 10:24:00,107.5300,107.6300,107.3800,107.5550,589900
2016-11-15 10:29:00,107.1300,107.5800,107.0200,107.5400,587700
2016-11-15 10:34:00,106.9050,107.1600,106.8200,107.1400,573700
2016-11-15 10:39:00,106.8201,106.9500,106.7700,106.9102,639200
2016-11-15 10:44:00,106.7950,106.8800,106.7300,106.8299,412500
2016-11-15 10:49:59,106.8850,106.9450,106.8000,106.8000,374100
2016-11-15 10:54:00,106.8536,106.9050,106.7500,106.8900,321000
2016-11-15 10:59:02,107.1200,107.1400,106.8300,106.8400,460900
2016-11-15 11:04:00,107.0190,107.1600,106.9600,107.1166,368100
2016-11-15 11:09:07,106.9800,107.1500,106.9300,107.0250,332900
2016-11-15 11:14:05,106.8900,107.0400,106.8500,107.0099,231000
2016-11-15 11:19:00,107.0550,107.0800,106.8750,106.8800,299500
2016-11-15 11:24:58,107.2542,107.3200,106.9900,107.0900,333600
2016-11-15 11:29:08,107.0400,107.2550,107.0000,107.2550,250000
2016-11-15 11:34:59,107.0350,107.1100,106.9700,107.0439,260000
2016-11-15 11:39:00,106.9200,107.1199,106.9000,107.0400,315600
2016-11-15 11:44:02,106.9200,106.9700,106.8500,106.9200,189900
2016-11-15 11:49:02,106.8100,106.9400,106.7999,106.9300,246000
2016-11-15 11:54:03,106.9300,107.0000,106.7800,106.8200,305500
2016-11-15 11:59:00,106.7200,106.9700,106.7200,106.9200,333500
2016-11-15 12:04:03,106.6800,106.7350,106.5900,106.7250,299400
2016-11-15 12:09:02,106.7499,106.7500,106.6695,106.6850,201500
2016-11-15 12:14:01,106.7146,106.8050,106.7000,106.7446,262400
2016-11-15 12:19:13,106.6450,106.7200,106.6000,106.7000,208500
2016-11-15 12:24:01,106.7100,106.7200,106.6341,106.6500,124300
2016-11-15 12:29:01,106.6250,106.7300,106.6240,106.7059,127100
2016-11-15 12:34:10,106.7166,106.7400,106.6100,106.6200,162700
2016-11-15 12:39:01,106.6292,106.7310,106.5800,106.7100,177100
2016-11-15 12:44:00,106.4165,106.6392,106.3700,106.6200,355000
2016-11-15 12:49:01,106.4800,106.5600,106.4000,106.4100,210100
2016-11-15 12:54:00,106.4346,106.5075,106.3937,106.4900,218600
2016-11-15 12:59:59,106.4450,106.5100,106.3500,106.4400,195600
2016-11-15 13:04:59,106.4325,106.5100,106.3600,106.4500,186400
2016-11-15 13:09:00,106.5800,106.5800,106.4300,106.4400,183600
2016-11-15 13:14:01,106.6600,106.6900,106.5600,106.5700,186700
2016-11-15 13:19:00,106.7401,106.7800,106.6400,106.6511,186700
2016-11-15 13:24:00,106.6365,106.7600,106.6000,106.7400,146900
2016-11-15 13:29:03,106.6150,106.6850,106.6100,106.6400,98000
2016-11-15 13:34:11,106.8500,106.8600,106.6000,106.6100,199900
2016-11-15 13:39:03,106.7600,106.8500,106.6941,106.8400,168000
2016-11-15 13:44:00,106.8150,106.8200,106.7100,106.7700,166400
2016-11-15 13:49:02,106.8760,106.9100,106.8100,106.8180,177100
2016-11-15 13:54:00,106.9500,106.9700,106.8700,106.8800,244100
2016-11-15 13:59:00,106.9450,106.9800,106.8800,106.9600,163300
2016-11-15 14:04:05,106.9300,107.1500,106.9200,106.9500,283500
2016-11-15 14:09:03,107.0100,107.0100,106.9100,106.9301,128900
2016-11-15 14:14:00,107.1650,107.2300,106.9900,107.0200,289900
2016-11-15 14:19:00,107.0990,107.1700,107.0850,107.1600,174400
2016-11-15 14:24:04,107.0100,107.1000,107.0100,107.0900,200600
2016-11-15 14:29:00,107.0500,107.0500,106.9700,107.0099,159500
2016-11-15 14:34:00,107.1600,107.2400,107.0300,107.0600,225600
2016-11-15 14:39:00,107.3500,107.3750,107.1600,107.1890,336800
2016-11-15 14:44:02,107.2000,107.3500,107.1700,107.3400,229100
2016-11-15 14:49:04,107.1537,107.2500,107.1537,107.2100,149100
2016-11-15 14:54:10,107.3350,107.3365,107.0750,107.1500,287300
2016-11-15 14:59:59,107.4465,107.4550,107.3363,107.3363,380000
2016-11-15 15:04:06,107.4950,107.6100,107.4100,107.4499,519700
2016-11-15 15:09:00,107.3900,107.5500,107.3500,107.5000,312900
2016-11-15 15:14:00,107.4450,107.4700,107.3200,107.3801,288300
2016-11-15 15:19:01,107.4100,107.5100,107.3900,107.4400,283000
2016-11-15 15:24:06,107.4000,107.5000,107.3800,107.4150,376400
2016-11-15 15:29:00,107.3401,107.4600,107.2800,107.3993,347200
2016-11-15 15:34:58,107.3150,107.4900,107.3100,107.3400,327900
2016-11-15 15:39:01,107.4050,107.4250,107.2900,107.3200,311800
2016-11-15 15:44:00,107.3700,107.4700,107.3600,107.4010,312900
2016-11-15 15:49:59,107.3750,107.4000,107.3200,107.3600,358100
2016-11-15 15:54:00,107.2500,107.3750,107.2200,107.3600,605800
2016-11-15 15:59:00,107.1100,107.2500,107.1100,107.2400,0
2016-11-15 16:00:00,107.1100,107.1100,107.1100,107.1100,15000
2016-11-16 09:34:59,107.0901,107.1100,106.6811,106.7200,1193700
2016-11-16 09:39:00,107.6090,107.6400,107.1086,107.1100,1232800
2016-11-16 09:44:00,108.0300,108.2900,107.5400,107.5925,1276100
2016-11-16 09:49:00,108.1320,108.2800,107.7100,108.0200,958100
2016-11-16 09:54:59,108.0200,108.1900,107.9600,108.1300,837000
2016-11-16 09:59:59,107.7500,108.0500,107.7300,108.0300,608900
2016-11-16 10:04:00,107.9500,107.9600,107.7300,107.7446,448900
2016-11-16 10:09:01,108.1300,108.2000,107.9600,107.9600,674900
2016-11-16 10:14:00,108.4200,108.5300,108.1212,108.1212,915900
2016-11-16 10:19:00,108.5600,108.6400,108.3610,108.4250,669300
2016-11-16 10:24:59,108.9399,108.9600,108.5600,108.5601,711100
2016-11-16 10:29:01,108.6200,108.9600,108.6100,108.9300,532600
2016-11-16 10:34:02,108.8800,108.9100,108.6100,108.6300,464900
2016-11-16 10:39:01,108.9400,109.1600,108.8700,108.8800,713400
2016-11-16 10:44:00,108.9500,109.1000,108.9000,108.9438,475100
2016-11-16 10:49:00,109.0950,109.2100,108.8600,108.9500,15532500
2016-11-16 10:54:01,109.0100,109.1300,108.7900,109.0900,485100
2016-11-16 10:59:01,109.1350,109.2100,108.9900,109.0200,469500
2016-11-16 11:04:00,108.9000,109.2400,108.8100,109.1250,644100
2016-11-16 11:09:03,108.9200,109.0500,108.8550,108.9100,356900
2016-11-16 11:14:00,108.9000,108.9700,108.8400,108.9239,310100
2016-11-16 11:19:00,108.8600,108.9100,108.8100,108.8900,295800
2016-11-16 11:24:04,108.9357,108.9400,108.7635,108.8500,699300
2016-11-16 11:29:00,109.3100,109.3160,108.9300,108.9399,600200
2016-11-16 11:34:59,109.5707,109.5800,109.2200,109.3000,552400
2016-11-16 11:39:00,109.5950,109.7400,109.5103,109.5800,642900
2016-11-16 11:44:59,109.4500,109.6500,109.4400,109.5900,588300
2016-11-16 11:49:59,109.3900,109.5800,109.3300,109.4440,499900
2016-11-16 11:54:00,109.5100,109.5200,109.3200,109.3842,542500
2016-11-16 11:59:01,109.4750,109.5700,109.4100,109.5000,435100
2016-11-16 12:04:00,109.3700,109.5000,109.3400,109.4700,274100
2016-11-16 12:09:02,109.5107,109.5200,109.3200,109.3800,377600
2016-11-16 12:14:00,109.6593,109.7100,109.5135,109.5150,387900
2016-11-16 12:19:00,109.5400,109.6500,109.5150,109.6500,302700
2016-11-16 12:24:07,109.6500,109.6700,109.5100,109.5300,230200
2016-11-16 12:29:59,109.9601,109.9700,109.6400,109.6400,559000
2016-11-16 12:34:00,109.8635,109.9750,109.8100,109.9652,515300
2016-11-16 12:39:01,109.9500,109.9600,109.8000,109.8700,411600
2016-11-16 12:44:01,110.0342,110.0900,109.9400,109.9550,836900
2016-11-16 12:49:02,109.9700,110.0400,109.9500,110.0300,331300
2016-11-16 12:54:01,109.9400,109.9700,109.8850,109.9645,330300
2016-11-16 12:59:02,109.7538,109.9800,109.7500,109.9300,476100
2016-11-16 13:04:02,109.7000,109.8050,109.6000,109.7507,451800
2016-11-16 13:09:00,109.5399,109.7100,109.5100,109.6990,245800
2016-11-16 13:14:01,109.6200,109.6200,109.4700,109.5390,309900
2016-11-16 13:19:02,109.4200,109.6500,109.4100,109.6300,305700
2016-11-16 13:24:01,109.5400,109.5700,109.3500,109.4101,396800
2016-11-16 13:29:00,109.6859,109.7000,109.4500,109.5445,241200
2016-11-16 13:34:00,109.8150,109.8150,109.6848,109.6900,241800
2016-11-16 13:39:00,109.8800,109.9400,109.7600,109.8100,214400
2016-11-16 13:44:00,109.8900,109.9300,109.8200,109.8700,277900
2016-11-16 13:49:00,109.8400,109.9500,109.8000,109.8950,176600
2016-11-16 13:54:59,109.8506,109.9000,109.8206,109.8300,159600
2016-11-16 13:59:05,109.8100,109.8700,109.7900,109.8500,216700
2016-11-16 14:04:59,109.8550,109.8700,109.7500,109.8000,214800
2016-11-16 14:09:58,109.8450,109.8800,109.7700,109.8400,6830700
2016-11-16 14:14:02,109.7854,109.8450,109.6450,109.8400,1000400
2016-11-16 14:19:59,109.7699,109.8100,109.7400,109.7850,206600
2016-11-16 14:24:59,109.7837,109.8200,109.7499,109.7700,501200
2016-11-16 14:29:00,109.8100,109.8400,109.7500,109.7850,558600
2016-11-16 14:34:00,109.8500,109.8700,109.7500,109.8000,237300
2016-11-16 14:39:00,109.8800,109.9000,109.7900,109.8575,0
2016-11-16 14:44:01,109.9300,109.9600,109.8400,109.8799,319000
2016-11-16 14:49:00,109.9058,109.9750,109.8800,109.9250,222900
2016-11-16 14:54:00,109.7562,109.9200,109.7400,109.9050,0
2016-11-16 14:59:00,109.8700,109.9000,109.7500,109.7500,223600
2016-11-16 15:04:00,110.0000,110.0200,109.8450,109.8650,710600
2016-11-16 15:09:03,110.0400,110.0400,109.9637,109.9999,366600
2016-11-16 15:14:00,110.1600,110.1700,110.0250,110.0395,547100
2016-11-16 15:19:00,110.2050,110.2300,110.1450,110.1601,455300
2016-11-16 15:24:01,110.0800,110.2050,110.0700,110.2001,359200
2016-11-16 15:29:00,109.9500,110.0900,109.8800,110.0900,429000
2016-11-16 15:34:04,109.8700,109.9900,109.8700,109.9478,283000
2016-11-16 15:39:02,110.0275,110.0300,109.8700,109.8800,332900
2016-11-16 15:44:00,109.8700,110.0700,109.8600,110.0200,530600
2016-11-16 15:49:00,109.8300,109.9900,109.8000,109.8800,595700
2016-11-16 15:54:00,109.9200,109.9400,109.7600,109.8263,690300
2016-11-16 15:59:00,110.0100,110.0600,109.8300,109.9250,1305900
2016-11-16 16:00:00,109.9900,109.9900,109.9900,109.9900,1496100
2016-11-17 09:34:00,110.0400,110.3500,109.5100,109.6100,0
2016-11-17 09:39:00,109.3700,110.2000,109.3250,110.0600,886200
2016-11-17 09:44:00,109.7300,109.7700,109.3400,109.3600,707800
2016-11-17 09:49:00,109.9700,110.0200,109.6400,109.7400,592700
2016-11-17 09:54:00,109.4300,109.9800,109.4100,109.9600,446000
2016-11-17 09:59:00,109.6700,109.6900,109.4299,109.4299,452100
2016-11-17 10:04:00,109.5600,109.7001,109.4500,109.6650,426700
2016-11-17 10:09:03,109.5793,109.6800,109.5000,109.5700,321100
2016-11-17 10:14:00,109.1800,109.6100,109.1700,109.5700,592500
2016-11-17 10:19:59,109.3800,109.3800,109.1000,109.1900,482000
2016-11-17 10:24:00,109.2400,109.5000,109.2400,109.3700,391900
2016-11-17 10:29:01,109.1950,109.3300,109.1500,109.2442,304600
2016-11-17 10:34:00,109.1500,109.3160,109.1300,109.1900,379000
2016-11-17 10:39:01,109.4000,109.4700,108.8300,109.1438,1101700
2016-11-17 10:44:02,109.2600,109.4279,109.2200,109.3900,294800
2016-11-17 10:49:01,109.2599,109.3000,109.2000,109.2800,202400
2016-11-17 10:54:01,109.0100,109.2800,109.0100,109.2580,399000
2016-11-17 10:59:01,108.9400,109.0900,108.9200,109.0107,377600
2016-11-17 11:04:00,109.0200,109.0400,108.8500,108.9300,347900
2016-11-17 11:09:00,109.0050,109.2000,108.9900,109.0100,386400
2016-11-17 11:14:02,109.0200,109.1290,108.9600,109.0000,367200
2016-11-17 11:19:00,109.1100,109.1100,109.0000,109.0240,250000
2016-11-17 11:24:01,109.2999,109.3500,109.1050,109.1050,384600
2016-11-17 11:29:01,109.1800,109.3500,109.1600,109.2900,265900
2016-11-17 11:34:01,109.2400,109.2500,109.1200,109.1900,171400
2016-11-17 11:39:00,109.1701,109.2900,109.1400,109.2500,265500
2016-11-17 11:44:03,109.1250,109.1700,109.0600,109.1700,251300
2016-11-17 11:49:00,109.2600,109.2600,109.1000,109.1218,348600
2016-11-17 11:54:01,109.4300,109.4800,109.2200,109.2500,349800
2016-11-17 11:59:00,109.5000,109.5200,109.3200,109.4400,307800
2016-11-17 12:04:00,109.5400,109.5500,109.4600,109.5100,308900
2016-11-17 12:09:01,109.6250,109.7000,109.5400,109.5500,313700
2016-11-17 12:14:00,109.6699,109.7100,109.4650,109.6200,300100
2016-11-17 12:19:01,109.7150,109.7800,109.6300,109.6900,276600
2016-11-17 12:24:01,109.6700,109.7252,109.5400,109.7193,285600
2016-11-17 12:29:00,109.6200,109.7100,109.5500,109.6614,247400
2016-11-17 12:34:04,109.5800,109.6400,109.5100,109.6300,177800
2016-11-17 12:39:00,109.6500,109.6700,109.5800,109.5801,142300
2016-11-17 12:44:02,109.6400,109.7100,109.5600,109.6400,204400
2016-11-17 12:49:00,109.6993,109.7100,109.6450,109.6500,244000
2016-11-17 12:54:03,109.5400,109.7400,109.5000,109.6950,260200
2016-11-17 12:59:00,109.6800,109.6800,109.5300,109.5500,186900
2016-11-17 13:04:01,109.7000,109.7300,109.6300,109.6740,179700
2016-11-17 13:09:00,109.7082,109.7500,109.6700,109.7050,211300
2016-11-17 13:14:59,109.7811,109.7884,109.6800,109.7000,235400
2016-11-17 13:19:00,109.8300,109.8800,109.7750,109.7800,270400
2016-11-17 13:24:01,109.8300,109.8650,109.7910,109.8310,166900
2016-11-17 13:29:03,109.7800,109.8400,109.7500,109.8400,182700
2016-11-17 13:34:00,109.8300,109.8900,109.7500,109.7900,281700
2016-11-17 13:39:01,109.7760,109.8400,109.7200,109.8204,142500
2016-11-17 13:44:03,109.7900,109.8320,109.7550,109.7800,109800
2016-11-17 13:49:00,109.7800,109.8000,109.7100,109.7800,160500
2016-11-17 13:54:00,109.7900,109.8500,109.7500,109.7900,170500
2016-11-17 13:59:03,109.6800,109.7900,109.6600,109.7850,232100
2016-11-17 14:04:01,109.4900,109.7250,109.4800,109.6801,272100
2016-11-17 14:09:04,109.5200,109.5600,109.4045,109.4800,260500
2016-11-17 14:14:05,109.5850,109.5900,109.4701,109.5100,183500
2016-11-17 14:19:04,109.6565,109.7300,109.5700,109.5800,273600
2016-11-17 14:24:06,109.6200,109.6799,109.5400,109.6600,155000
2016-11-17 14:29:59,109.5679,109.6800,109.5200,109.6250,186100
2016-11-17 14:34:00,109.5939,109.6000,109.5200,109.5708,170600
2016-11-17 14:39:00,109.6799,109.7300,109.5900,109.5999,227500
2016-11-17 14:44:00,109.5900,109.7299,109.5800,109.6800,233000
2016-11-17 14:49:06,109.6300,109.6900,109.5500,109.5825,168500
2016-11-17 14:54:59,109.5701,109.6400,109.5300,109.6342,144200
2016-11-17 14:59:00,109.6600,109.6700,109.5450,109.5758,188900
2016-11-17 15:04:59,109.6723,109.6884,109.5900,109.6574,228200
2016-11-17 15:09:00,109.6100,109.6900,109.5900,109.6800,169800
2016-11-17 15:14:00,109.7650,109.7700,109.6050,109.6050,291100
2016-11-17 15:19:01,109.7600,109.7901,109.7039,109.7700,257200
2016-11-17 15:24:59,109.7440,109.7669,109.6900,109.7602,161800
2016-11-17 15:29:02,109.7200,109.8000,109.7200,109.7499,233000
2016-11-17 15:34:00,109.8378,109.8500,109.7000,109.7250,288000
2016-11-17 15:39:00,109.8300,109.9000,109.8000,109.8400,344000
2016-11-17 15:44:04,109.8200,109.8600,109.7700,109.8350,229700
2016-11-17 15:49:02,109.7842,109.8500,109.7400,109.8100,283900
2016-11-17 15:54:00,109.8650,109.9200,109.8100,109.8200,444200
2016-11-17 15:59:00,109.9050,109.9300,109.8500,109.8700,0
2016-11-17 16:00:00,109.9500,109.9500,109.9500,109.9500,13500
2016-11-18 09:34:01,110.3900,110.4500,109.7100,109.9275,2734700
2016-11-18 09:39:59,110.4700,110.5400,110.3200,110.3999,949600
2016-11-18 09:44:00,110.1900,110.5000,110.0700,110.4727,747100
2016-11-18 09:49:59,110.1995,110.2100,110.0700,110.2000,456800
2016-11-18 09:54:59,110.2600,110.3500,110.1800,110.1850,561300
2016-11-18 09:59:00,110.1700,110.2800,110.0600,110.2700,417500
2016-11-18 10:04:59,110.2001,110.2500,110.0200,110.1711,443300
2016-11-18 10:09:01,110.2000,110.2400,110.1200,110.2170,196200
2016-11-18 10:14:03,110.1643,110.2100,110.0400,110.2035,295400
2016-11-18 10:19:00,109.9100,110.1800,109.8700,110.1600,511100
2016-11-18 10:24:59,109.9898,110.0500,109.8700,109.9110,298900
2016-11-18 10:29:00,110.0700,110.1400,109.9800,109.9900,259100
2016-11-18 10:34:00,109.7700,110.1700,109.7600,110.0800,430100
2016-11-18 10:39:00,109.6950,109.8400,109.6600,109.7689,331500
2016-11-18 10:44:00,109.7800,109.8750,109.7000,109.7000,370500
2016-11-18 10:49:04,109.8900,109.9100,109.7300,109.7719,221800
2016-11-18 10:54:02,109.8000,109.9048,109.7000,109.9000,285000
2016-11-18 10:59:04,109.8900,109.9300,109.7600,109.7900,523200
2016-11-18 11:04:01,109.9962,110.0000,109.8300,109.9000,275300
2016-11-18 11:09:00,110.1100,110.1600,109.9300,109.9900,555400
2016-11-18 11:14:00,110.0543,110.1400,109.9400,110.1101,321000
2016-11-18 11:19:01,110.1400,110.1800,110.0200,110.0600,195700
2016-11-18 11:24:01,110.0500,110.1800,110.0200,110.1350,187300
2016-11-18 11:29:01,109.9599,110.0800,109.9500,110.0441,184800
2016-11-18 11:34:03,109.8900,109.9600,109.8300,109.9600,200500
2016-11-18 11:39:59,110.0210,110.0360,109.8895,109.8895,269800
2016-11-18 11:44:06,110.0300,110.0600,110.0200,110.0300,175900
2016-11-18 11:49:59,110.0050,110.0443,109.9950,110.0443,157600
2016-11-18 11:54:59,109.9042,110.0100,109.9000,110.0100,195200
2016-11-18 11:59:00,109.8900,109.9041,109.8000,109.9000,223800
2016-11-18 12:04:00,109.9200,109.9700,109.8850,109.9000,148700
2016-11-18 12:09:03,109.9250,109.9500,109.9000,109.9300,115100
2016-11-18 12:14:00,109.9100,109.9250,109.8800,109.9200,105300
2016-11-18 12:19:07,109.9400,109.9400,109.8600,109.9056,118700
2016-11-18 12:24:00,110.0250,110.0300,109.9200,109.9300,207200
2016-11-18 12:29:01,110.0700,110.0750,110.0100,110.0244,293100
2016-11-18 12:34:00,110.0900,110.1200,110.0400,110.0750,173600
2016-11-18 12:39:04,110.0300,110.1000,110.0200,110.0950,161500
2016-11-18 12:44:02,110.0334,110.0400,110.0100,110.0350,101300
2016-11-18 12:49:00,110.0800,110.1000,110.0300,110.0350,133500
2016-11-18 12:54:04,110.1201,110.1550,110.0700,110.0700,234300
2016-11-18 12:59:01,110.1900,110.1900,110.0941,110.1200,168500
2016-11-18 13:04:02,110.1566,110.2200,110.1500,110.1800,220400
2016-11-18 13:09:05,110.1500,110.1770,110.1100,110.1600,230200
2016-11-18 13:14:01,110.1501,110.1900,110.1105,110.1440,167200
2016-11-18 13:19:01,110.1743,110.2000,110.1400,110.1500,281900
2016-11-18 13:24:01,110.1900,110.2000,110.1700,110.1800,184900
2016-11-18 13:29:00,109.9900,110.2000,109.9900,110.2000,235800
2016-11-18 13:34:04,110.1200,110.1300,109.9900,109.9950,147700
2016-11-18 13:39:00,110.1450,110.1700,110.1100,110.1300,229600
2016-11-18 13:44:05,110.1266,110.1450,110.0900,110.1400,135100
2016-11-18 13:49:59,110.0350,110.1500,110.0300,110.1290,122900
2016-11-18 13:54:57,109.9642,110.0500,109.9642,110.0305,209200
2016-11-18 13:59:01,109.8800,109.9700,109.8600,109.9657,225700
2016-11-18 14:04:59,109.8945,109.9200,109.8600,109.8850,143100
2016-11-18 14:09:02,109.8500,109.9500,109.8500,109.8990,211500
2016-11-18 14:14:01,109.7860,109.8600,109.7600,109.8550,264900
2016-11-18 14:19:01,109.8050,109.8500,109.7750,109.7800,192800
2016-11-18 14:24:03,109.7898,109.8200,109.7331,109.8100,215600
2016-11-18 14:29:02,109.7750,109.8300,109.7550,109.7900,193600
2016-11-18 14:34:00,109.8300,109.8650,109.7700,109.7800,138400
2016-11-18 14:39:55,109.7600,109.8600,109.7500,109.8335,162700
2016-11-18 14:44:59,109.8201,109.8400,109.7600,109.7650,151400
2016-11-18 14:49:59,109.7950,109.8400,109.7800,109.8250,137600
2016-11-18 14:54:01,109.7500,109.8050,109.7200,109.8000,231600
2016-11-18 14:59:59,109.7400,109.7700,109.7100,109.7593,180000
2016-11-18 15:04:00,109.8100,109.8458,109.7419,109.7500,201500
2016-11-18 15:09:58,109.7900,109.8300,109.7600,109.8122,203900
2016-11-18 15:14:59,109.8443,109.8800,109.7800,109.8000,209700
2016-11-18 15:19:00,109.9308,109.9500,109.8400,109.8465,269500
2016-11-18 15:24:59,110.0250,110.0300,109.9300,109.9300,269100
2016-11-18 15:29:59,110.0025,110.0400,109.9000,110.0200,415700
2016-11-18 15:34:00,110.0000,110.1200,109.9600,110.0000,313100
2016-11-18 15:39:00,109.9510,110.0700,109.9400,109.9950,379200
2016-11-18 15:44:59,110.0000,110.0100,109.9250,109.9650,1316200
2016-11-18 15:49:00,110.0050,110.0350,109.9700,110.0100,362000
2016-11-18 15:54:04,109.9600,110.0450,109.9600,110.0100,488700
2016-11-18 15:59:01,110.0600,110.0600,109.9600,109.9700,1164500
2016-11-18 16:00:00,110.0600,110.0600,110.0400,110.0400,5400
