2016-10-31 09:34:02,795.0500,796.6000,795.0500,796.6000,114200
2016-10-31 09:39:00,793.5650,795.2750,790.5200,795.1750,109000
2016-10-31 09:44:08,794.2801,795.5000,793.0250,793.4400,35600
2016-10-31 09:49:03,796.1700,796.5000,794.4700,794.6300,40800
2016-10-31 09:54:09,794.9600,796.5000,794.6400,796.2400,41300
2016-10-31 09:59:06,791.0300,795.9750,791.0000,794.9750,46200
2016-10-31 10:04:07,792.6600,793.8700,791.0200,791.5700,32900
2016-10-31 10:09:03,792.3700,792.7200,791.5201,792.6200,26700
2016-10-31 10:14:59,792.9150,793.0000,791.7600,792.3800,30500
2016-10-31 10:19:05,791.5000,793.0000,791.1764,792.8195,22300
2016-10-31 10:24:06,791.5700,791.9700,790.8001,791.4010,41300
2016-10-31 10:29:07,792.2600,792.5000,791.2000,791.7500,20000
2016-10-31 10:34:59,791.2600,792.7000,791.2500,792.4700,28100
2016-10-31 10:39:07,791.4150,791.5600,791.0000,791.2200,32600
2016-10-31 10:44:09,790.3100,791.5000,790.0200,791.2400,34300
2016-10-31 10:49:26,791.4201,791.5600,790.5200,790.5600,22800
2016-10-31 10:54:00,792.9100,792.9100,791.2350,791.5400,27500
2016-10-31 10:59:00,792.3997,793.4495,791.7291,792.8800,47100
2016-10-31 11:04:56,792.0800,792.6022,792.0500,792.5800,14200
2016-10-31 11:09:12,791.5300,792.1700,791.2650,792.1700,12900
2016-10-31 11:14:00,790.8900,791.6280,790.7700,791.6148,13600
2016-10-31 11:19:00,791.0300,791.4000,790.8000,790.9305,12600
2016-10-31 11:24:27,791.8900,792.1600,790.8000,790.8400,14400
2016-10-31 11:29:01,792.4800,793.0000,791.7200,791.9900,17800
2016-10-31 11:34:09,792.0300,793.1200,791.8900,792.5800,15200
2016-10-31 11:39:01,792.9350,793.0900,792.0294,792.0294,15700
2016-10-31 11:44:01,792.8600,793.0400,792.1950,792.8300,23000
2016-10-31 11:49:02,792.6250,793.0000,792.4800,792.6800,13800
2016-10-31 11:54:01,792.2200,792.7800,791.8001,792.5800,19500
2016-10-31 11:59:13,791.4600,792.2800,791.4600,792.0700,18600
2016-10-31 12:04:14,791.6399,791.8100,790.9100,791.4500,13800
2016-10-31 12:09:01,791.0000,791.7500,790.9000,791.3600,13200
2016-10-31 12:14:08,791.2000,791.2000,790.6900,790.9600,22600
2016-10-31 12:19:11,791.4900,791.6200,791.0000,791.2900,11900
2016-10-31 12:24:17,790.7000,791.4170,790.7000,791.3600,14900
2016-10-31 12:29:03,791.2276,791.3220,790.6050,790.9600,9900
2016-10-31 12:34:08,790.6825,791.0100,790.5001,791.0100,11900
2016-10-31 12:39:03,790.2600,791.0900,790.0700,790.5800,26100
2016-10-31 12:44:07,789.9100,790.3600,789.0000,790.2950,36200
2016-10-31 12:49:05,788.7800,789.9000,788.3520,789.9000,23800
2016-10-31 12:54:59,787.6400,788.8500,787.5600,788.7700,24700
2016-10-31 12:59:01,787.9000,788.4100,787.4800,787.6900,21300
2016-10-31 13:04:01,788.7000,788.8900,787.4800,787.8500,29800
2016-10-31 13:09:14,788.3200,788.8700,788.1200,788.6600,14900
2016-10-31 13:14:00,788.6100,788.6100,788.0400,788.1955,14800
2016-10-31 13:19:07,787.5000,788.4900,787.5000,788.3698,25600
2016-10-31 13:24:26,787.6300,788.0400,787.3500,787.6900,13300
2016-10-31 13:29:59,786.1200,787.5700,786.0500,787.4100,21000
2016-10-31 13:34:11,786.5639,786.7000,785.5600,786.1900,21200
2016-10-31 13:39:02,785.5800,786.5400,785.2000,786.5036,17000
2016-10-31 13:44:05,785.6297,785.6700,785.2000,785.6200,12000
2016-10-31 13:49:08,785.5200,786.1000,785.3100,785.6600,16200
2016-10-31 13:54:36,785.2700,786.2100,785.2700,785.5500,22100
2016-10-31 13:59:02,784.8724,785.2700,784.2172,785.2000,26500
2016-10-31 14:04:12,786.1500,786.1500,784.9300,784.9300,24700
2016-10-31 14:09:41,786.1200,786.9100,785.8500,786.1450,14800
2016-10-31 14:14:02,785.0600,785.9500,784.7600,785.8900,21700
2016-10-31 14:19:06,785.5410,786.3200,784.9000,784.9000,32600
2016-10-31 14:24:00,786.0300,786.1300,785.1900,785.4800,13900
2016-10-31 14:29:25,785.0617,786.1500,784.9400,786.1000,20000
2016-10-31 14:34:03,784.7800,785.2499,784.4000,784.9000,17100
2016-10-31 14:39:06,784.8700,785.1550,784.7200,784.8400,16000
2016-10-31 14:44:01,785.2500,785.2500,784.0000,785.0020,32500
2016-10-31 14:49:06,784.5200,785.5000,784.1000,784.9200,16900
2016-10-31 14:54:03,784.9400,785.2300,784.3600,784.3700,15100
2016-10-31 14:59:01,784.8400,785.3400,784.8200,784.8900,12000
2016-10-31 15:04:05,785.0500,785.3200,784.5300,784.7000,15900
2016-10-31 15:09:02,784.7500,785.1625,784.5500,785.0000,28800
2016-10-31 15:14:05,784.9700,785.6900,784.7600,784.7600,21000
2016-10-31 15:19:12,785.1750,785.6500,784.8600,785.0600,24900
2016-10-31 15:24:07,784.9299,785.5700,784.7600,784.9600,31100
2016-10-31 15:29:10,786.1500,786.2000,784.7200,784.7700,23100
2016-10-31 15:34:00,785.2800,786.0400,785.1500,786.0400,24000
2016-10-31 15:39:01,784.9100,785.4400,784.7200,785.3050,30300
2016-10-31 15:44:00,784.6700,785.0400,784.0200,784.9000,69800
2016-10-31 15:49:02,785.8650,785.8900,784.3700,784.7000,44500
2016-10-31 15:54:01,785.6300,785.9700,785.0100,785.9200,56700
2016-10-31 15:59:00,784.7300,786.0199,784.2300,785.6500,162500
2016-10-31 16:00:00,784.5400,784.5400,784.5400,784.5400,125000
2016-11-01 09:34:22,784.0100,786.9100,782.2900,785.6400,0
2016-11-01 09:39:00,785.1600,785.9990,783.4900,783.7350,64100
2016-11-01 09:44:59,786.3200,786.7050,784.1700,785.0850,52900
2016-11-01 09:49:11,785.3300,787.0000,784.8100,786.4500,47800
2016-11-01 09:54:59,785.9700,785.9700,784.6900,785.4950,45100
2016-11-01 09:59:01,785.0000,785.7280,784.5400,785.6650,25400
2016-11-01 10:04:57,783.7800,785.4550,783.7400,784.9050,37300
2016-11-01 10:09:10,783.7320,784.7900,783.7300,783.7700,36100
2016-11-01 10:14:54,782.8544,783.7400,782.6875,783.7100,26800
2016-11-01 10:19:02,783.2950,783.4000,782.6600,782.8300,23500
2016-11-01 10:24:04,783.2050,784.0600,782.8500,783.0700,45700
2016-11-01 10:29:00,783.7800,784.5050,783.2000,783.2000,28000
2016-11-01 10:34:02,784.5000,784.9000,783.3600,783.9000,20000
2016-11-01 10:39:03,783.3200,784.4900,783.1100,784.4900,23500
2016-11-01 10:44:57,783.7300,784.1400,783.2800,783.3300,51400
2016-11-01 10:49:59,783.9000,784.4500,783.1000,783.5300,24700
2016-11-01 10:54:57,784.1800,784.8400,783.7050,783.8450,23000
2016-11-01 10:59:45,784.7200,784.7400,783.7200,784.1300,21200
2016-11-01 11:04:20,785.8700,786.4200,784.6800,784.6800,26300
2016-11-01 11:09:03,786.8100,786.8100,786.0000,786.1200,14800
2016-11-01 11:14:02,787.3740,787.7399,786.7101,786.8700,23600
2016-11-01 11:19:07,787.5900,787.9000,787.1550,787.3200,22800
2016-11-01 11:24:59,788.5075,788.7875,787.6000,787.6000,22600
2016-11-01 11:29:21,787.8900,788.5680,787.3550,788.4900,18500
2016-11-01 11:34:01,787.6600,787.8800,787.0500,787.7600,16800
2016-11-01 11:39:04,788.7000,788.8500,787.2701,787.4700,19300
2016-11-01 11:44:03,789.0000,789.3836,787.4600,788.6800,27400
2016-11-01 11:49:13,789.4500,789.4900,788.7524,789.0038,18400
2016-11-01 11:54:09,788.8800,789.4800,788.6000,789.4800,19400
2016-11-01 11:59:10,788.8100,789.0800,788.2310,788.8700,28800
2016-11-01 12:04:01,787.8600,788.9689,787.5000,788.9000,19700
2016-11-01 12:09:08,787.0800,787.8500,786.8250,787.8350,22100
2016-11-01 12:14:06,785.3100,786.5900,785.1700,786.5800,19000
2016-11-01 12:19:20,785.0000,785.5000,783.6000,785.4800,48000
2016-11-01 12:24:58,785.5024,785.8100,785.0450,785.0700,21500
2016-11-01 12:29:02,784.2900,785.7300,784.2900,785.5100,15300
2016-11-01 12:34:04,785.1300,785.2000,784.3000,784.3400,8000
2016-11-01 12:39:14,783.9740,785.3499,783.9740,785.2006,7000
2016-11-01 12:44:01,783.2927,783.8800,783.0300,783.8800,12800
2016-11-01 12:49:00,781.9300,783.3385,781.6210,783.2437,31700
2016-11-01 12:54:07,782.5500,782.5500,781.7500,781.7500,16900
2016-11-01 12:59:07,783.2336,783.3600,782.6800,782.6800,20100
2016-11-01 13:04:06,782.1500,783.2200,782.0187,783.1500,14900
2016-11-01 13:09:00,781.7200,782.2150,781.0950,782.2150,24300
2016-11-01 13:14:01,782.0400,783.0500,781.7100,781.7100,13300
2016-11-01 13:19:11,781.2700,782.1000,780.6200,782.0800,19300
2016-11-01 13:24:02,781.0600,781.3450,779.7200,781.3450,29700
2016-11-01 13:29:05,780.7352,781.6700,780.6900,781.0700,30200
2016-11-01 13:34:07,780.4050,781.1300,780.0000,780.6800,24900
2016-11-01 13:39:05,780.7200,780.7200,780.1700,780.4900,23700
2016-11-01 13:44:59,779.7860,780.7600,779.0700,780.6967,23900
2016-11-01 13:49:31,779.7700,779.8400,778.6900,779.7600,25700
2016-11-01 13:54:39,779.3000,779.6300,778.8750,779.5166,18100
2016-11-01 13:59:03,779.8400,780.2320,779.3200,779.3550,13900
2016-11-01 14:04:31,779.1900,780.1900,779.0550,779.8800,18400
2016-11-01 14:09:00,778.1800,779.3000,776.0000,779.3000,56800
2016-11-01 14:14:01,777.3900,778.6500,776.9500,778.3000,21100
2016-11-01 14:19:05,776.6200,777.7000,776.0700,777.4200,36500
2016-11-01 14:24:01,776.5700,776.9600,775.5400,776.7950,32300
2016-11-01 14:29:00,779.1600,779.7700,776.3500,776.5600,33500
2016-11-01 14:34:00,779.6600,780.2700,778.7200,779.5500,28000
2016-11-01 14:39:57,780.4399,780.8600,779.1096,779.2900,22700
2016-11-01 14:44:10,779.8650,780.3200,779.1100,780.1900,23500
2016-11-01 14:49:58,779.0100,780.2578,778.9300,779.8600,16700
2016-11-01 14:54:14,779.0000,779.4700,778.4000,779.0400,18400
2016-11-01 14:59:21,779.2000,779.7500,778.9100,778.9100,19400
2016-11-01 15:04:03,778.6100,779.5050,778.1650,779.1300,43300
2016-11-01 15:09:15,779.2700,779.4000,777.9300,778.5650,24500
2016-11-01 15:14:06,779.3500,779.8000,778.8500,779.1000,19200
2016-11-01 15:19:00,780.2200,780.5500,778.8400,779.2000,28900
2016-11-01 15:24:11,780.1000,780.5600,779.0800,779.9600,31600
2016-11-01 15:29:00,782.0400,782.5000,780.0100,780.0100,35900
2016-11-01 15:34:08,782.3700,782.6600,781.2200,782.1700,38800
2016-11-01 15:39:09,782.8200,782.8200,781.8700,782.4800,41500
2016-11-01 15:44:03,782.0500,783.3500,781.7440,782.7200,46700
2016-11-01 15:49:06,783.3920,784.1600,781.8300,782.0400,53900
2016-11-01 15:54:00,783.7800,784.2500,782.5600,783.4000,71100
2016-11-01 15:59:01,783.6100,783.9900,783.0400,783.7200,140000
2016-11-01 16:00:00,783.4300,783.4300,783.4300,783.4300,100
2016-11-02 09:34:04,779.9400,780.8700,778.2000,778.2000,0
2016-11-02 09:39:02,780.4100,781.5000,779.2800,779.5500,20900
2016-11-02 09:44:59,780.2175,780.9800,780.0000,780.6405,21300
2016-11-02 09:49:00,780.9000,781.3400,780.2000,780.2000,16900
2016-11-02 09:54:25,779.7000,781.3300,779.7000,780.9949,15000
2016-11-02 09:59:00,780.2200,780.5800,779.4300,780.0450,9100
2016-11-02 10:04:02,780.9900,781.6500,779.5100,780.0200,15300
2016-11-02 10:09:05,780.9301,781.4100,780.5900,780.9899,8700
2016-11-02 10:14:07,780.7187,781.6500,780.4500,781.4500,10800
2016-11-02 10:19:01,780.0500,781.3190,779.7900,781.0400,9700
2016-11-02 10:24:00,778.9100,780.1200,778.7401,780.0000,8400
2016-11-02 10:29:09,778.6900,779.1500,778.4500,778.7400,16400
2016-11-02 10:34:16,777.3108,778.6900,776.9200,778.6800,30100
2016-11-02 10:39:16,777.2400,777.4500,776.3221,777.0200,12200
2016-11-02 10:44:00,776.0600,777.5900,776.0000,777.5900,19800
2016-11-02 10:49:48,776.6000,777.0930,775.5500,776.1273,13000
2016-11-02 10:54:03,776.3100,776.9700,775.7300,776.5300,17200
2016-11-02 10:59:06,775.5600,776.3987,775.3900,776.3987,13700
2016-11-02 11:04:02,775.5000,775.7750,775.3200,775.5000,17800
2016-11-02 11:09:01,775.7700,775.9299,775.3500,775.3700,11100
2016-11-02 11:14:00,777.0800,777.1100,775.6700,775.6700,16100
2016-11-02 11:19:00,777.3875,777.9800,776.6800,777.0250,18400
2016-11-02 11:24:31,776.3050,777.3000,776.1100,777.1400,10000
2016-11-02 11:29:26,775.9300,777.0200,775.9300,776.5524,26800
2016-11-02 11:34:19,775.5600,776.3050,775.5000,776.2000,11600
2016-11-02 11:39:04,774.8250,775.5800,774.5800,775.5200,30800
2016-11-02 11:44:04,775.0700,775.3300,774.2800,774.9200,32400
2016-11-02 11:49:56,775.0200,775.4050,774.6570,775.0100,19100
2016-11-02 11:54:03,774.1750,775.1000,774.0401,774.8900,17400
2016-11-02 11:59:06,773.9100,774.6492,773.8200,774.3100,19500
2016-11-02 12:04:07,773.8800,774.4900,773.5700,773.9700,15000
2016-11-02 12:09:00,773.9000,774.0900,772.5800,773.9209,27000
2016-11-02 12:14:07,773.3600,774.3800,773.3040,773.8900,14200
2016-11-02 12:19:19,773.5100,773.5300,772.8848,773.2127,10600
2016-11-02 12:24:12,772.0577,773.3400,771.5200,773.3300,26200
2016-11-02 12:29:11,772.8785,772.8785,771.7200,771.9500,14000
2016-11-02 12:34:25,772.3000,773.0660,772.0500,773.0000,8800
2016-11-02 12:39:25,772.6211,772.8400,772.0200,772.5300,14200
2016-11-02 12:44:31,773.1784,773.5900,772.5600,772.5611,16400
2016-11-02 12:49:04,772.3230,773.1400,772.3000,772.9080,20200
2016-11-02 12:54:02,772.6931,773.0100,772.0500,772.2822,12000
2016-11-02 12:59:15,772.4500,773.0000,772.1000,772.6100,15400
2016-11-02 13:04:10,771.4050,773.0900,771.2200,772.6500,18300
2016-11-02 13:09:01,770.5100,771.3700,769.8480,771.3700,47400
2016-11-02 13:14:10,770.4600,771.2100,769.7900,770.5400,42600
2016-11-02 13:19:09,768.6200,770.3800,768.6200,770.3150,37100
2016-11-02 13:24:09,767.9175,769.4150,767.6150,768.5600,41100
2016-11-02 13:29:00,769.2500,769.8950,767.4116,768.0200,22600
2016-11-02 13:34:00,769.9000,770.5050,769.2100,769.2300,22600
2016-11-02 13:39:03,770.1300,770.2500,769.5950,769.9400,29500
2016-11-02 13:44:02,770.3100,770.7300,769.9110,770.3100,30500
2016-11-02 13:49:30,769.9800,770.9000,769.8300,770.4300,23200
2016-11-02 13:54:01,769.8100,770.5500,769.8100,770.0000,18000
2016-11-02 13:59:11,768.3400,770.0000,768.3400,769.7750,20500
2016-11-02 14:04:44,768.5350,769.4600,767.2100,768.5250,25600
2016-11-02 14:09:01,765.1013,768.3200,763.4496,768.1810,61100
2016-11-02 14:14:09,769.7500,770.0000,765.2100,765.3100,50600
2016-11-02 14:19:07,770.6600,770.7900,768.4100,769.1300,31200
2016-11-02 14:24:11,770.6800,771.5400,769.7666,770.3800,38600
2016-11-02 14:29:12,771.4500,772.9900,770.9509,771.0400,39600
2016-11-02 14:34:09,771.7700,772.0338,771.4100,771.4100,14500
2016-11-02 14:39:04,771.5400,772.7600,771.1400,771.1800,13200
2016-11-02 14:44:00,770.7800,771.7650,770.6200,771.6000,15500
2016-11-02 14:49:00,769.2200,770.7200,768.7700,770.6000,29300
2016-11-02 14:54:11,767.9600,769.7800,767.6800,769.5700,19400
2016-11-02 14:59:10,768.4600,769.4627,768.1100,768.1200,24300
2016-11-02 15:04:03,769.1800,769.3950,767.7900,768.1000,12800
2016-11-02 15:09:24,770.0000,770.0000,768.9300,769.2100,18300
2016-11-02 15:14:01,767.8700,769.9200,767.2300,769.7526,19200
2016-11-02 15:19:19,768.1800,768.7600,767.7600,767.7800,9800
2016-11-02 15:24:00,769.7300,769.7500,767.9000,767.9000,13800
2016-11-02 15:29:59,770.9600,771.1100,769.7600,769.7700,22000
2016-11-02 15:34:05,770.6800,771.1900,770.0300,771.1900,23700
2016-11-02 15:39:09,769.6000,770.7873,769.6000,770.7873,17400
2016-11-02 15:44:17,770.1500,770.6100,769.7862,769.8600,21400
2016-11-02 15:49:03,770.0450,770.3200,768.8800,769.9600,22800
2016-11-02 15:54:00,768.4700,770.5400,768.3000,770.3400,48700
2016-11-02 15:59:00,768.7000,769.8700,767.7100,768.3100,131600
2016-11-02 16:00:00,768.9400,768.9400,768.9400,768.9400,100
2016-11-03 09:34:05,768.6100,769.9500,766.5100,767.2500,0
2016-11-03 09:39:02,767.8200,768.9000,766.0000,768.8000,50700
2016-11-03 09:44:02,765.8772,767.8200,764.3800,767.5700,35400
2016-11-03 09:49:02,764.2600,765.7300,763.6900,765.3900,40800
2016-11-03 09:54:00,762.2600,764.6400,761.9000,764.6400,40400
2016-11-03 09:59:06,759.7100,762.4800,759.0300,762.2700,51000
2016-11-03 10:04:08,760.6500,760.7900,759.5000,759.5800,45200
2016-11-03 10:09:10,762.8700,763.2300,759.9100,760.6000,54300
2016-11-03 10:14:00,764.6500,764.9299,763.2200,763.2400,54300
2016-11-03 10:19:03,762.6300,764.5044,762.4600,764.2600,18800
2016-11-03 10:24:05,762.1100,762.9650,761.6900,762.9020,33700
2016-11-03 10:29:06,763.3300,763.6881,762.0900,762.1000,21500
2016-11-03 10:34:01,765.9600,765.9600,762.7100,763.6300,35000
2016-11-03 10:39:09,766.5900,766.7999,765.6700,766.1251,29300
2016-11-03 10:44:08,766.0100,766.9900,765.9501,766.4000,20100
2016-11-03 10:49:01,765.7300,765.9900,764.2400,765.7700,20600
2016-11-03 10:54:13,766.6850,766.8690,765.6300,765.7600,19900
2016-11-03 10:59:02,767.2350,767.4750,766.4250,767.0300,13400
2016-11-03 11:04:06,767.6600,767.7025,766.4600,767.1500,10900
2016-11-03 11:09:03,768.0850,768.2500,767.0700,767.5981,25100
2016-11-03 11:14:26,769.0750,769.3000,768.0400,768.0400,18200
2016-11-03 11:19:06,768.7600,769.2700,768.1150,769.1200,16700
2016-11-03 11:24:03,768.8400,769.3580,768.4950,768.8300,18400
2016-11-03 11:29:02,769.4000,769.7480,768.9400,768.9600,13100
2016-11-03 11:34:57,769.0800,769.6300,769.0300,769.3750,9000
2016-11-03 11:39:06,768.8400,769.7899,768.6850,769.1300,29300
2016-11-03 11:44:05,768.3020,769.1400,767.7000,768.7300,19300
2016-11-03 11:49:03,768.3100,769.1900,768.2200,768.2200,9800
2016-11-03 11:54:00,767.9400,768.8800,767.7150,768.2000,11600
2016-11-03 11:59:16,767.2700,767.9300,767.1300,767.7700,10100
2016-11-03 12:04:43,765.6300,767.5100,765.5300,767.3523,24400
2016-11-03 12:09:03,764.8011,765.5300,764.0000,765.5300,12600
2016-11-03 12:14:04,763.7655,765.0100,763.5800,765.0100,16300
2016-11-03 12:19:18,762.5300,764.0000,762.0800,763.9500,28400
2016-11-03 12:24:08,762.8400,763.2270,762.4400,762.5000,11200
2016-11-03 12:29:58,762.5400,763.7440,762.4100,763.0000,7200
2016-11-03 12:34:07,762.5800,762.9300,762.3000,762.4500,6700
2016-11-03 12:39:00,762.7000,762.7000,761.6500,762.4800,15300
2016-11-03 12:44:03,761.9100,762.8650,761.6000,762.7400,11200
2016-11-03 12:49:00,761.9600,762.2600,761.6201,761.8650,14500
2016-11-03 12:54:16,763.0200,763.3990,762.0000,762.0000,11300
2016-11-03 12:59:10,763.1700,763.5200,762.7800,763.0550,8700
2016-11-03 13:04:55,762.4592,763.4900,762.4500,763.4000,9700
2016-11-03 13:09:05,761.0600,762.4150,760.6453,762.4000,12700
2016-11-03 13:14:09,761.2000,762.5050,761.0400,761.0400,10800
2016-11-03 13:19:15,761.9400,762.1300,761.2800,761.2841,9400
2016-11-03 13:24:06,762.2900,762.5492,761.8600,762.4890,9500
2016-11-03 13:29:18,763.9400,764.7500,762.2450,762.2450,21300
2016-11-03 13:34:03,763.1800,763.7600,763.0300,763.7600,9800
2016-11-03 13:39:00,763.0700,763.2000,761.9700,763.0200,9800
2016-11-03 13:44:07,761.8500,763.1500,761.8500,762.6400,13100
2016-11-03 13:49:09,762.5500,762.9450,761.7600,761.8400,19400
2016-11-03 13:54:00,762.8850,763.1000,761.8100,762.9290,17400
2016-11-03 13:59:23,762.2500,762.8700,762.0100,762.8700,14100
2016-11-03 14:04:17,762.5700,762.8800,761.3431,762.0500,9400
2016-11-03 14:09:00,762.6300,762.6600,761.5010,762.6200,8300
2016-11-03 14:14:08,762.6100,763.1800,762.3800,762.4800,8600
2016-11-03 14:19:01,761.0000,762.6818,761.0000,762.5500,7700
2016-11-03 14:24:01,761.5150,762.0634,760.6984,761.0400,10700
2016-11-03 14:29:02,761.0350,761.5200,760.7900,761.3600,23600
2016-11-03 14:34:03,760.4700,761.5000,760.4050,761.2725,21100
2016-11-03 14:39:48,761.0425,761.5700,760.4500,760.5100,14100
2016-11-03 14:44:02,760.1000,761.2550,760.1000,760.7100,8300
2016-11-03 14:49:05,761.0000,761.0000,759.7150,760.0700,24700
2016-11-03 14:54:21,761.4100,761.4100,760.5000,761.0200,8100
2016-11-03 14:59:10,761.7500,761.7500,760.9100,761.2200,10400
2016-11-03 15:04:12,761.2500,761.6150,760.8600,761.4400,7500
2016-11-03 15:09:03,760.9200,761.5875,760.6000,761.3418,7400
2016-11-03 15:14:01,760.7300,761.0800,760.4600,760.8800,8600
2016-11-03 15:19:10,760.0150,761.2599,760.0100,760.8000,12100
2016-11-03 15:24:12,761.3100,761.3300,760.2000,760.2600,12000
2016-11-03 15:29:06,761.4000,761.7900,761.0200,761.0200,11900
2016-11-03 15:34:15,760.4750,761.4500,760.3368,761.4500,9700
2016-11-03 15:39:19,760.1600,760.7700,760.1500,760.2600,16700
2016-11-03 15:44:58,760.0200,760.6800,759.7100,760.0000,29900
2016-11-03 15:49:00,760.5700,761.1400,760.3000,760.3000,25700
2016-11-03 15:54:04,761.6500,761.6500,760.5000,760.8000,28200
2016-11-03 15:59:01,762.2400,762.5900,761.5500,761.6400,87200
2016-11-03 16:00:00,762.1300,762.1300,762.1300,762.1300,179100
2016-11-04 09:34:05,759.5000,759.8700,750.5611,752.5000,0
2016-11-04 09:39:10,765.2000,766.0985,759.0001,759.3000,78900
2016-11-04 09:44:00,761.7200,765.6190,761.1500,765.3050,34200
2016-11-04 09:49:20,761.1701,762.7800,761.0000,761.1600,24400
2016-11-04 09:54:04,761.4539,761.4539,758.5510,761.1200,23600
2016-11-04 09:59:02,760.0500,761.6500,759.2600,761.6500,24600
2016-11-04 10:04:06,762.6100,762.6800,759.6400,760.1380,27500
2016-11-04 10:09:06,761.6900,762.9100,761.4350,762.4800,21900
2016-11-04 10:14:40,761.0600,762.8500,761.0000,762.0100,25400
2016-11-04 10:19:35,763.8300,763.8600,760.2200,761.0300,38100
2016-11-04 10:24:02,764.0200,764.7100,763.2645,763.5300,22200
2016-11-04 10:29:07,764.2000,764.6000,763.2480,764.3050,12800
2016-11-04 10:34:07,764.6800,765.2400,763.8800,764.1500,29100
2016-11-04 10:39:01,764.9200,765.8400,764.2290,764.8200,45600
2016-11-04 10:44:01,764.0200,765.4400,763.6600,765.2600,19000
2016-11-04 10:49:00,764.8700,765.1900,763.9000,763.9700,8400
2016-11-04 10:54:07,765.2000,765.6900,764.6000,764.8600,18200
2016-11-04 10:59:13,764.1200,765.4600,764.1200,765.2590,21900
2016-11-04 11:04:01,765.3150,765.3150,763.6400,764.1950,16700
2016-11-04 11:09:17,764.5400,765.9580,764.5400,765.6500,23600
2016-11-04 11:14:04,765.1000,765.7700,764.4500,764.5000,14500
2016-11-04 11:19:08,764.7700,765.5400,764.6700,765.1700,12500
2016-11-04 11:24:03,764.7700,764.8400,763.8300,764.8400,12000
2016-11-04 11:29:00,764.9850,765.0000,763.1150,764.4800,34100
2016-11-04 11:34:02,764.9000,765.3700,763.8100,764.7500,44000
2016-11-04 11:39:01,763.9200,764.8200,763.7705,764.8200,19900
2016-11-04 11:44:04,763.1300,763.9300,762.7000,763.9300,18200
2016-11-04 11:49:11,763.5600,763.8800,762.6200,763.0100,11500
2016-11-04 11:54:00,763.6500,764.0368,762.9000,763.6700,13100
2016-11-04 11:59:07,763.9500,764.1600,763.6636,763.8900,8500
2016-11-04 12:04:13,764.3500,764.5900,763.7400,764.0700,13500
2016-11-04 12:09:05,765.1300,765.2800,764.0400,764.0900,23700
2016-11-04 12:14:02,765.3700,765.7262,765.2600,765.2600,14000
2016-11-04 12:19:01,766.0294,766.0900,765.3900,765.5300,13800
2016-11-04 12:24:04,766.0200,766.1450,765.5850,766.1100,13500
2016-11-04 12:29:03,766.6580,766.9250,765.8450,765.9500,13200
2016-11-04 12:34:04,766.7900,767.2000,766.6300,767.0000,13200
2016-11-04 12:39:01,766.1995,767.1800,766.1000,766.9400,12100
2016-11-04 12:44:09,767.3200,767.6084,766.2000,766.2000,31800
2016-11-04 12:49:13,767.3800,767.8800,766.8100,767.3347,26500
2016-11-04 12:54:07,768.4483,768.8500,767.4850,767.5305,32700
2016-11-04 12:59:04,769.7400,769.8900,767.9600,768.2400,39100
2016-11-04 13:04:03,768.7600,770.3600,768.6400,769.9100,41200
2016-11-04 13:09:52,768.6000,769.4795,768.4164,768.4164,38600
2016-11-04 13:14:00,768.1900,768.4400,767.4500,768.3200,15900
2016-11-04 13:19:34,767.9380,768.5600,767.5900,768.5600,6200
2016-11-04 13:24:03,767.7200,768.3447,767.5700,767.9304,7200
2016-11-04 13:28:07,768.1300,768.1300,766.8456,767.2900,12200
2016-11-04 13:34:15,768.2055,768.2232,767.6600,767.8500,8400
2016-11-04 13:39:04,768.3500,768.6400,768.0600,768.1100,9500
2016-11-04 13:44:13,767.5300,768.2799,767.4000,768.1400,10600
2016-11-04 13:48:03,767.5242,767.6100,767.1200,767.4000,8400
2016-11-04 13:54:19,767.2900,767.9250,767.2300,767.8500,12000
2016-11-04 13:59:02,767.7300,768.1607,766.8900,767.1300,17300
2016-11-04 14:04:37,766.8520,767.8400,766.7400,767.8400,28500
2016-11-04 14:09:01,767.1300,767.1400,766.3800,766.8100,30600
2016-11-04 14:14:16,767.9500,768.0500,767.1189,767.1800,4600
2016-11-04 14:19:07,767.1300,768.2995,767.1300,768.1732,30600
2016-11-04 14:24:42,767.2600,767.5400,766.8200,767.1100,10700
2016-11-04 14:29:12,766.7950,767.0850,766.4492,767.0850,10300
2016-11-04 14:34:02,766.4300,767.0000,766.1200,766.6600,13200
2016-11-04 14:39:03,766.4400,766.7200,766.1800,766.2900,21200
2016-11-04 14:44:57,766.7500,766.9000,766.5100,766.5100,13200
2016-11-04 14:49:03,766.5295,766.9400,766.0000,766.7400,30600
2016-11-04 14:54:00,766.3901,767.0500,766.3000,766.5400,26600
2016-11-04 14:59:00,766.4442,766.7795,766.2400,766.3400,42700
2016-11-04 15:04:10,765.2900,766.3000,765.1000,766.2500,10900
2016-11-04 15:09:05,764.9000,765.1000,764.5800,765.1000,21500
2016-11-04 15:14:24,765.3700,765.3700,764.4250,764.7850,16300
2016-11-04 15:19:07,765.1700,766.0495,765.0900,765.3200,38000
2016-11-04 15:24:02,765.1700,765.6950,765.0500,765.1300,29500
2016-11-04 15:29:05,764.3800,765.2400,764.3500,765.2220,30600
2016-11-04 15:34:06,763.7100,764.5500,763.6100,764.3700,20200
2016-11-04 15:39:19,762.8810,763.9300,762.6600,763.7600,19600
2016-11-04 15:44:05,763.0100,763.2400,762.4400,762.8100,29600
2016-11-04 15:49:00,762.6300,763.0600,761.6800,763.0000,27700
2016-11-04 15:54:04,761.8400,762.4700,761.4350,762.3800,52000
2016-11-04 15:59:00,762.1100,763.1100,761.9360,761.9500,86100
2016-11-04 16:00:00,762.0200,762.0200,762.0200,762.0200,88700
2016-11-07 09:34:00,775.1300,775.2354,772.5500,774.5000,0
2016-11-07 09:39:03,775.7000,776.1800,774.7100,775.0000,40200
2016-11-07 09:44:05,777.7700,777.7700,775.0000,775.2750,29200
2016-11-07 09:49:03,779.0000,779.3490,777.3300,777.5200,27600
2016-11-07 09:54:04,776.7600,779.4000,776.3410,779.2400,25400
2016-11-07 09:59:02,776.7500,777.1900,776.2100,776.5900,12500
2016-11-07 10:04:57,776.5199,777.4800,776.3900,776.7400,12300
2016-11-07 10:09:04,777.0100,777.5900,776.2900,776.3900,21800
2016-11-07 10:14:42,777.0700,777.2500,776.6000,776.9782,23800
2016-11-07 10:19:08,777.2400,777.5900,776.7100,776.7800,18500
2016-11-07 10:24:18,779.0100,779.2300,777.4900,777.6000,19000
2016-11-07 10:29:03,779.7300,779.7300,779.1500,779.1565,6800
2016-11-07 10:34:02,780.8000,780.9800,779.2000,779.8000,30200
2016-11-07 10:39:31,781.3908,781.3908,780.5300,780.7800,19900
2016-11-07 10:44:02,780.1600,781.3500,779.9000,781.1000,10500
2016-11-07 10:49:04,780.9300,781.4695,780.0392,780.0700,13600
2016-11-07 10:54:29,780.4500,780.8400,780.2500,780.6900,8500
2016-11-07 10:59:05,782.2950,782.4200,780.3192,780.4400,23300
2016-11-07 11:04:00,783.1200,783.3500,782.2700,782.4400,13000
2016-11-07 11:09:02,783.4200,783.4800,782.3400,783.1000,16700
2016-11-07 11:14:25,783.8400,783.8400,782.1610,783.4500,28000
2016-11-07 11:19:04,782.6400,783.9800,782.6400,783.6001,12700
2016-11-07 11:23:04,782.9071,783.4100,782.5600,782.8800,11200
2016-11-07 11:29:01,783.7000,783.9390,782.6801,782.9400,12100
2016-11-07 11:34:00,784.1000,784.3250,783.6200,783.8100,15700
2016-11-07 11:39:01,784.7700,785.1900,784.0110,784.1100,17100
2016-11-07 11:44:26,784.6200,785.0376,784.0300,784.6100,16300
2016-11-07 11:49:08,784.1900,785.0400,783.7000,784.7450,14100
2016-11-07 11:54:09,783.6350,784.2900,783.5120,783.8800,14500
2016-11-07 11:59:10,782.8200,783.5500,782.1022,783.4187,13200
2016-11-07 12:04:02,782.7700,783.4953,782.6000,782.9621,13400
2016-11-07 12:09:04,781.8214,783.1800,781.8214,783.0000,12400
2016-11-07 12:14:00,781.6012,781.9300,781.1800,781.8100,16800
2016-11-07 12:19:28,781.3100,781.8995,781.3100,781.6500,11100
2016-11-07 12:24:09,780.5000,781.2800,780.4800,781.2600,6600
2016-11-07 12:29:08,780.9625,781.2000,780.2000,780.3300,11200
2016-11-07 12:34:16,781.2550,781.8600,780.9025,781.2040,21900
2016-11-07 12:39:29,781.2500,781.6900,781.1110,781.1110,7100
2016-11-07 12:43:49,781.6600,781.9700,781.2500,781.4600,6200
2016-11-07 12:49:37,781.9900,782.0600,781.5000,781.5000,4500
2016-11-07 12:54:04,781.6670,782.1500,781.5600,782.0900,4400
2016-11-07 12:59:10,782.4000,782.4700,781.7000,781.9300,8400
2016-11-07 13:04:04,782.3300,783.0621,782.3300,783.0100,10400
2016-11-07 13:09:35,783.0100,783.1590,782.2000,782.2300,5800
2016-11-07 13:14:07,783.0899,783.1499,782.4400,782.8300,10300
2016-11-07 13:19:03,783.0451,783.7600,782.9400,783.0200,9300
2016-11-07 13:24:45,783.0400,783.4300,782.7861,783.4300,7600
2016-11-07 13:29:05,783.5800,783.5800,782.9700,783.0550,4000
2016-11-07 13:34:10,784.0300,784.3500,783.5000,783.6400,12900
2016-11-07 13:39:05,784.4900,784.5800,784.2299,784.4000,4600
2016-11-07 13:44:25,784.1900,784.6300,784.0500,784.6300,8800
2016-11-07 13:49:06,784.4015,784.5000,784.2200,784.2500,6500
2016-11-07 13:54:16,784.7800,784.7900,784.5000,784.6200,9600
2016-11-07 13:59:14,784.5900,784.8400,784.2500,784.8400,7900
2016-11-07 14:04:45,784.2100,784.5200,784.1700,784.4200,9500
2016-11-07 14:09:46,783.2900,784.2700,783.1700,784.2700,11700
2016-11-07 14:14:01,783.6800,783.9000,783.2600,783.2700,5000
2016-11-07 14:19:23,783.5500,784.1700,783.4500,783.7600,8200
2016-11-07 14:24:59,783.0100,783.7600,783.0000,783.6300,5100
2016-11-07 14:29:15,782.7875,783.2000,782.6200,783.0000,9700
2016-11-07 14:34:33,782.1800,782.9500,782.1800,782.8350,12000
2016-11-07 14:39:00,781.8300,782.3300,781.4900,782.2100,11400
2016-11-07 14:44:19,780.8800,781.7900,780.6000,781.7400,16000
2016-11-07 14:49:56,779.9950,781.1050,779.6600,781.1050,28700
2016-11-07 14:54:01,779.5000,780.4400,779.5000,779.8000,12500
2016-11-07 14:59:06,779.8200,780.2400,779.5100,779.5100,12100
2016-11-07 15:04:09,779.0500,779.9600,778.2700,779.9600,19500
2016-11-07 15:09:07,778.6700,779.2932,778.6700,779.0300,8000
2016-11-07 15:14:18,779.1000,779.9300,778.6600,778.6600,21500
2016-11-07 15:19:01,780.4212,780.6240,779.4900,779.4999,19800
2016-11-07 15:24:29,780.3400,780.9400,780.1700,780.5350,18200
2016-11-07 15:29:52,780.0600,780.5650,779.8287,780.5650,15200
2016-11-07 15:34:55,779.8950,780.3300,779.7400,780.0906,14500
2016-11-07 15:39:21,780.8300,780.9400,779.3000,779.7800,21900
2016-11-07 15:44:07,781.1300,781.3700,780.8300,780.9400,18300
2016-11-07 15:49:00,783.3900,783.3900,781.0200,781.1400,33000
2016-11-07 15:54:01,783.0450,783.5000,782.5100,783.1000,29700
2016-11-07 15:59:00,782.4800,783.7400,782.1200,783.1200,68200
2016-11-07 16:00:00,782.5200,782.5200,782.5200,782.5200,166100
2016-11-08 09:34:58,782.4500,783.4900,780.8300,783.0500,0
2016-11-08 09:39:10,784.2200,784.2200,781.9100,782.2739,20700
2016-11-08 09:44:11,783.3750,784.7200,783.0100,784.3822,17300
2016-11-08 09:49:00,782.1450,783.4900,782.0000,783.2000,21400
2016-11-08 09:54:24,780.4650,781.6100,780.3150,781.5500,21500
2016-11-08 09:59:00,781.4300,781.4300,780.1900,780.4000,12900
2016-11-08 10:04:14,781.9850,782.0800,780.8600,781.2500,15200
2016-11-08 10:09:21,782.2800,783.0700,781.7600,781.9388,16100
2016-11-08 10:14:06,781.3500,782.4069,781.3500,781.8600,10200
2016-11-08 10:19:07,782.0100,782.3300,781.1500,781.1550,8900
2016-11-08 10:24:09,782.5595,782.6135,781.8150,782.1250,24800
2016-11-08 10:29:29,782.8878,783.0000,782.0701,782.3400,7100
2016-11-08 10:34:15,783.5900,784.0000,782.8354,783.0300,13500
2016-11-08 10:39:12,784.3100,784.4900,783.4700,783.4700,5900
2016-11-08 10:44:39,783.5000,784.3500,783.5000,784.1400,7100
2016-11-08 10:49:04,784.3800,784.4700,783.3300,783.3300,11500
2016-11-08 10:54:03,785.3100,785.3600,784.1900,784.4700,21600
2016-11-08 10:59:01,786.0550,786.2500,785.2500,785.2500,15200
2016-11-08 11:04:15,786.5000,786.8900,785.7100,786.0400,22400
2016-11-08 11:09:13,787.7899,787.7899,786.5932,786.5932,13200
2016-11-08 11:14:02,788.6480,788.7900,787.1900,787.7900,13900
2016-11-08 11:19:58,789.3550,790.0000,788.8200,788.8800,25600
2016-11-08 11:24:11,789.0000,789.9100,788.8800,789.3300,13300
2016-11-08 11:29:14,789.4190,789.6500,788.4100,788.9300,22100
2016-11-08 11:34:02,790.2000,790.4900,788.8000,789.1800,8900
2016-11-08 11:39:15,790.0210,790.5700,789.9586,790.1400,8300
2016-11-08 11:44:08,790.8000,791.0000,789.7800,790.0900,13200
2016-11-08 11:49:18,789.8050,790.8200,789.5471,790.7213,6100
2016-11-08 11:54:21,790.2300,790.5200,789.5700,789.5700,3200
2016-11-08 11:59:50,791.0000,791.2700,789.9500,790.5300,17200
2016-11-08 12:04:29,792.0700,792.3700,791.3380,791.4900,17500
2016-11-08 12:09:00,792.6100,792.9800,792.2000,792.3560,15800
2016-11-08 12:14:35,792.7200,792.7900,792.0300,792.4768,15400
2016-11-08 12:19:15,793.6200,793.6700,792.4050,792.4050,16300
2016-11-08 12:24:05,793.7300,794.0200,793.2100,793.4250,16000
2016-11-08 12:29:02,793.1900,794.0400,792.9866,793.9800,14600
2016-11-08 12:34:01,791.8400,793.2040,791.8400,793.1140,11400
2016-11-08 12:39:31,792.3600,792.3600,791.6900,791.9400,7900
2016-11-08 12:44:18,793.3000,793.3100,792.2000,792.2000,6500
2016-11-08 12:49:01,793.6600,793.6700,792.9859,792.9859,8000
2016-11-08 12:54:00,793.7777,794.0000,793.2200,793.6800,16000
2016-11-08 12:59:31,795.0947,795.6330,793.9134,794.0000,23700
2016-11-08 13:04:06,794.2550,795.3400,793.7600,795.3400,19400
2016-11-08 13:09:14,792.3501,794.5900,792.3501,794.4270,18900
2016-11-08 13:14:16,792.3450,793.4200,792.3200,792.8700,31100
2016-11-08 13:19:03,791.8800,792.1600,791.5100,792.0700,13900
2016-11-08 13:24:59,791.9400,792.1200,791.3900,791.8700,13400
2016-11-08 13:29:08,793.4800,793.4800,791.9600,791.9600,12500
2016-11-08 13:33:13,794.0100,794.2700,792.7600,793.1100,15100
2016-11-08 13:39:02,793.0500,794.2300,792.9200,793.7500,16200
2016-11-08 13:44:35,793.0580,793.6300,793.0000,793.0000,16800
2016-11-08 13:49:11,792.6150,793.2200,792.3600,793.0600,6800
2016-11-08 13:54:10,792.2900,793.3500,792.0800,792.3600,12900
2016-11-08 13:59:02,792.5420,792.5420,792.2300,792.2600,4100
2016-11-08 14:03:12,791.8100,792.4300,791.0018,792.3900,9000
2016-11-08 14:09:26,791.6300,792.1800,791.5301,791.9300,13000
2016-11-08 14:14:00,789.6950,791.6700,789.6800,791.5300,19400
2016-11-08 14:19:31,789.9500,790.0500,789.2758,789.9650,11600
2016-11-08 14:24:28,790.2700,791.0800,789.6600,789.7400,11200
2016-11-08 14:29:36,791.0200,791.0200,790.0200,790.1800,14700
2016-11-08 14:34:07,790.7300,791.2800,790.4750,790.8020,12000
2016-11-08 14:39:31,791.7000,791.7600,790.6400,790.6400,19800
2016-11-08 14:44:02,791.2775,791.9400,791.0000,791.8000,14100
2016-11-08 14:49:00,791.9800,792.0200,790.7300,791.2200,18200
2016-11-08 14:54:16,792.1000,792.2000,791.5400,792.1220,16200
2016-11-08 14:59:02,791.7300,792.3800,791.5400,792.3000,22900
2016-11-08 15:04:11,791.6800,792.1272,791.5100,791.9450,9800
2016-11-08 15:09:48,792.4600,792.4600,791.5200,791.6000,21800
2016-11-08 15:14:03,792.1100,792.4100,791.7400,792.3000,10700
2016-11-08 15:19:09,791.6300,792.3500,791.2700,792.1300,8700
2016-11-08 15:20:01,791.8200,791.8200,791.8055,791.8055,16000
2016-11-08 15:29:04,792.3700,792.4800,792.1800,792.4300,5500
2016-11-08 15:34:02,793.8015,794.0000,792.1700,792.4400,28200
2016-11-08 15:39:00,793.5900,794.2700,793.3100,793.5800,24700
2016-11-08 15:44:12,792.3200,793.3284,791.9050,793.1246,24200
2016-11-08 15:49:00,792.8000,793.6400,792.1010,792.3600,26400
2016-11-08 15:54:57,790.5700,792.9500,790.1100,792.2600,29700
2016-11-08 15:59:00,790.5800,791.2500,789.2900,790.4200,70800
2016-11-08 16:00:00,790.5100,790.5100,790.5100,790.5100,100
2016-11-09 09:34:59,777.3767,783.2500,775.5500,779.9400,0
2016-11-09 09:39:00,774.8500,779.9000,774.8500,777.5058,113900
2016-11-09 09:44:00,777.4420,777.6990,771.6700,775.0000,119700
2016-11-09 09:49:00,782.8024,784.9500,777.2200,777.2200,66700
2016-11-09 09:54:00,784.8697,785.7490,782.6800,783.1100,72400
2016-11-09 09:59:00,783.6850,785.2850,781.6601,784.8624,43400
2016-11-09 10:04:04,779.1500,784.5000,779.1500,784.5000,34200
2016-11-09 10:09:00,776.7000,780.0100,775.7756,779.0500,53700
2016-11-09 10:14:04,778.6600,778.8500,776.0700,776.6300,42600
2016-11-09 10:19:59,776.8950,778.8500,776.7150,778.5200,56500
2016-11-09 10:24:08,777.8000,778.2399,776.2300,776.7500,35700
2016-11-09 10:29:04,779.0000,779.6000,777.9100,777.9100,35500
2016-11-09 10:34:00,775.1500,778.9790,775.0600,778.4500,47900
2016-11-09 10:39:02,778.1950,778.2000,774.8252,775.5700,36600
2016-11-09 10:44:02,775.6682,778.0400,775.6682,777.7200,27300
2016-11-09 10:49:00,775.0900,775.9750,774.4700,775.9750,27700
2016-11-09 10:54:01,779.8700,779.8700,775.0000,775.0000,45100
2016-11-09 10:59:03,780.4400,781.2950,778.4901,779.2700,43900
2016-11-09 11:04:01,781.6200,781.9090,779.7900,779.7900,22900
2016-11-09 11:09:02,779.0100,781.2600,779.0100,781.2600,34800
2016-11-09 11:14:12,780.0977,781.0000,779.2190,779.4900,26800
2016-11-09 11:19:07,781.4300,782.4300,780.0200,780.1100,16900
2016-11-09 11:24:00,781.0200,782.3634,781.0200,781.6498,18400
2016-11-09 11:29:01,782.1300,782.4000,779.7100,781.3270,19600
2016-11-09 11:34:00,789.4600,789.4600,782.5000,782.6900,46200
2016-11-09 11:39:00,788.4700,791.2265,787.7700,789.5500,42400
2016-11-09 11:44:21,789.0384,789.4195,788.0800,788.6500,19900
2016-11-09 11:49:04,790.0000,790.0000,788.1300,789.2019,21800
2016-11-09 11:54:02,789.4293,791.1200,789.0001,789.5000,22200
2016-11-09 11:59:03,785.9300,789.6407,785.9000,789.4400,34100
2016-11-09 12:04:24,785.5000,787.4026,785.5000,785.9301,25600
2016-11-09 12:09:01,782.6000,785.9790,782.3300,785.1400,22500
2016-11-09 12:14:05,784.7202,785.6100,782.9600,782.9600,17900
2016-11-09 12:19:16,786.3200,786.8505,784.8200,784.8300,14400
2016-11-09 12:24:04,787.0200,787.2800,785.9500,786.1900,14700
2016-11-09 12:29:10,786.0900,787.0500,784.7400,787.0386,16000
2016-11-09 12:34:03,786.9100,787.0000,785.0560,785.5000,9500
2016-11-09 12:39:27,785.8400,787.9100,785.8400,787.0000,17000
2016-11-09 12:44:07,786.7500,787.7000,786.0300,786.4700,11200
2016-11-09 12:49:06,785.5100,787.1700,785.5100,787.0010,8400
2016-11-09 12:54:15,786.2500,787.0000,785.4400,785.6650,6800
2016-11-09 12:59:27,787.8100,788.3700,786.2300,786.7687,10700
2016-11-09 13:04:05,786.7100,788.2790,786.0700,788.2790,7800
2016-11-09 13:09:46,786.1100,787.9600,786.0000,786.4917,8100
2016-11-09 13:14:05,787.8200,788.1800,786.1000,786.2525,10500
2016-11-09 13:19:02,784.6049,787.9800,784.2100,787.6815,17900
2016-11-09 13:24:15,780.0800,784.2900,780.0800,784.2900,23700
2016-11-09 13:29:04,781.6654,782.9300,780.6880,780.9700,23200
2016-11-09 13:34:00,783.0948,783.0948,781.6800,782.1464,12400
2016-11-09 13:39:12,783.2500,784.3900,782.8537,783.1600,8600
2016-11-09 13:44:10,784.6800,784.7600,783.0500,783.5200,9100
2016-11-09 13:49:43,784.4700,785.0000,783.8600,784.1750,12700
2016-11-09 13:54:10,783.3000,785.2300,783.1000,784.2063,14700
2016-11-09 13:59:01,780.4000,783.9500,780.4000,783.8800,15800
2016-11-09 14:04:08,781.0500,782.5400,779.4600,780.2300,24100
2016-11-09 14:09:26,781.8388,782.0200,781.0500,781.0600,15500
2016-11-09 14:14:07,783.3850,783.8390,781.6900,781.6900,19000
2016-11-09 14:19:02,782.7600,783.8700,782.4290,783.4000,11000
2016-11-09 14:24:05,782.9308,783.5400,782.6600,783.1300,7400
2016-11-09 14:29:11,781.9000,783.5967,781.9000,783.0900,11200
2016-11-09 14:34:04,783.1700,783.7590,782.0604,782.0604,19800
2016-11-09 14:39:30,783.3700,783.3790,782.0000,783.0800,16100
2016-11-09 14:44:04,784.2350,784.7000,782.7780,783.2921,8900
2016-11-09 14:49:05,783.6200,784.6400,782.7300,784.5400,14500
2016-11-09 14:54:02,781.5500,783.4200,781.5500,783.4200,16300
2016-11-09 14:59:56,781.7405,782.7000,781.2200,781.5600,25500
2016-11-09 15:04:04,784.4042,784.5000,782.0200,782.2700,36700
2016-11-09 15:09:05,783.8200,784.9344,783.4800,784.7040,12400
2016-11-09 15:14:08,784.4600,785.1540,784.1900,784.1900,13000
2016-11-09 15:19:15,785.2500,785.6700,784.2800,784.4601,27000
2016-11-09 15:24:07,783.5500,785.6900,783.5500,785.3381,16300
2016-11-09 15:29:03,785.0000,785.4599,783.5600,783.5600,31600
2016-11-09 15:34:25,784.8600,785.0600,784.0000,784.8200,18900
2016-11-09 15:39:02,784.6800,785.3700,784.3157,785.0000,24700
2016-11-09 15:44:56,784.0320,785.0000,783.7200,784.6100,28500
2016-11-09 15:49:18,783.0001,785.0600,783.0000,784.1300,15300
2016-11-09 15:54:58,785.6070,785.9600,783.5200,783.8200,30600
2016-11-09 15:59:00,784.8800,786.2300,784.8400,785.5400,0
2016-11-09 16:00:00,785.3100,785.3100,785.3100,785.3100,2800
2016-11-10 09:34:01,785.5910,791.1700,785.5910,791.1700,133800
2016-11-10 09:39:05,784.0750,786.3700,782.4680,785.9800,67300
2016-11-10 09:44:01,787.9700,788.4100,783.6900,783.7900,51300
2016-11-10 09:49:06,785.6300,788.1400,785.5300,787.9500,78400
2016-11-10 09:54:06,778.7700,785.9000,777.4100,785.9000,99500
2016-11-10 09:59:04,773.6700,779.5500,773.0700,779.0000,74700
2016-11-10 10:04:00,773.7300,776.5800,773.2200,773.3650,119700
2016-11-10 10:09:00,771.0000,774.2600,770.2500,774.0700,134500
2016-11-10 10:14:01,770.5000,772.3600,770.0200,770.9000,111300
2016-11-10 10:19:00,767.4700,772.5000,767.4700,770.4800,92800
2016-11-10 10:24:59,764.7800,769.2600,763.8800,767.6400,138600
2016-11-10 10:29:00,759.4100,764.8600,759.0000,764.5100,245200
2016-11-10 10:34:00,761.5936,763.4300,759.2300,759.9850,121000
2016-11-10 10:39:00,755.2821,762.8900,754.3300,762.0300,138000
2016-11-10 10:44:00,759.9599,759.9700,754.4839,755.6400,101500
2016-11-10 10:49:01,759.4000,763.2040,759.1000,759.9600,84600
2016-11-10 10:54:03,761.4796,763.2900,758.7100,759.8700,74300
2016-11-10 10:59:24,759.2000,763.7800,759.2000,761.2400,71100
2016-11-10 11:04:00,760.4400,762.4000,758.0000,759.0000,68900
2016-11-10 11:09:02,762.4300,764.3700,760.9000,760.9000,60100
2016-11-10 11:14:00,759.0900,762.0900,758.0001,762.0900,56700
2016-11-10 11:19:06,756.1700,759.4500,754.3800,758.8250,87300
2016-11-10 11:24:01,761.7600,761.7600,755.9150,755.9250,117700
2016-11-10 11:29:00,762.0877,763.9470,760.9000,761.5800,44000
2016-11-10 11:34:00,758.3363,762.4900,757.3000,762.2825,50800
2016-11-10 11:39:02,755.4000,758.0900,755.0000,758.0300,56300
2016-11-10 11:44:06,756.9800,757.3100,754.5500,755.4300,71200
2016-11-10 11:49:02,756.3100,758.6800,756.3100,757.5900,52900
2016-11-10 11:54:02,752.8100,756.8700,752.1800,755.7400,66200
2016-11-10 11:59:01,752.9779,754.1400,752.3000,753.0300,68500
2016-11-10 12:04:00,753.9000,754.7356,752.7673,753.0600,38400
2016-11-10 12:09:02,754.9200,755.6200,753.7486,753.7486,29400
2016-11-10 12:14:17,753.9200,755.7400,753.8900,754.7100,40300
2016-11-10 12:19:00,754.0700,755.0240,753.0600,753.6200,34400
2016-11-10 12:24:10,755.0400,755.4300,753.6100,754.0600,33500
2016-11-10 12:29:02,757.1800,757.1800,754.3400,755.1473,36800
2016-11-10 12:34:00,760.1700,760.4200,756.5500,757.4700,39200
2016-11-10 12:39:04,759.6600,761.5200,759.5010,760.2050,51800
2016-11-10 12:44:06,758.9200,759.7200,756.3100,759.6360,45500
2016-11-10 12:49:06,759.6775,760.7700,758.9400,759.6000,27000
2016-11-10 12:54:01,762.7000,762.7300,759.4600,759.5000,31400
2016-11-10 12:59:00,764.2199,764.2199,761.5500,762.5200,36700
2016-11-10 13:04:51,763.7200,765.0000,762.5500,764.2200,38600
2016-11-10 13:09:04,765.7500,765.7500,763.0200,763.3866,25200
2016-11-10 13:14:04,768.4100,768.6000,765.7500,765.7700,40700
2016-11-10 13:19:10,768.7400,768.8200,767.1000,768.3300,33600
2016-11-10 13:24:01,766.9700,769.6300,766.6200,768.8300,39700
2016-11-10 13:29:05,766.8600,767.8600,765.6300,766.9800,30300
2016-11-10 13:34:06,767.7002,768.8700,767.2500,767.2500,19800
2016-11-10 13:38:37,769.7200,769.7200,769.7200,769.7200,90700
2016-11-10 13:49:01,771.8500,772.3300,768.3000,768.7362,23100
2016-11-10 13:52:02,770.8600,772.3000,770.2274,771.7700,25200
2016-11-10 14:04:48,771.4200,771.5900,770.4203,770.9000,75000
2016-11-10 14:09:06,769.8400,773.0000,768.8500,771.4000,26800
2016-11-10 14:14:55,768.5300,771.1200,768.4600,770.0000,20800
2016-11-10 14:19:07,767.7800,768.9680,767.0000,768.9680,37000
2016-11-10 14:24:03,766.8900,768.1000,766.4200,767.8600,17800
2016-11-10 14:29:13,767.2700,768.1145,766.5400,766.5400,18100
2016-11-10 14:34:00,764.1387,767.6000,764.0700,767.2550,44600
2016-11-10 14:39:59,763.9000,764.4000,763.0000,764.1010,36600
2016-11-10 14:44:05,763.6500,764.3600,762.7974,764.2500,42400
2016-11-10 14:49:03,765.3050,766.8500,763.6200,763.6200,28800
2016-11-10 14:54:03,765.3300,766.2500,765.0100,765.2750,23200
2016-11-10 14:59:59,765.1000,765.7300,763.6250,765.3550,46000
2016-11-10 15:04:02,766.0757,766.2500,764.0300,765.1700,19300
2016-11-10 15:09:10,765.7150,766.2700,764.5900,766.2700,19200
2016-11-10 15:14:07,764.6800,765.5900,763.7810,765.2200,22600
2016-11-10 15:19:12,764.2200,764.8090,763.3500,764.6100,24200
2016-11-10 15:24:08,764.5100,765.4907,763.7001,764.0400,27200
2016-11-10 15:29:04,764.4300,765.4990,763.8800,764.6500,49500
2016-11-10 15:34:00,761.8300,764.2200,761.5000,764.2100,51900
2016-11-10 15:39:03,760.7150,762.3600,760.1200,761.5901,52600
2016-11-10 15:44:06,762.1300,762.1300,760.0000,760.5300,45200
2016-11-10 15:49:05,761.2500,762.0423,760.2500,762.0423,46900
2016-11-10 15:54:01,762.1000,762.1000,760.9200,761.3000,74500
2016-11-10 15:59:00,763.1800,763.8600,761.9400,762.0800,136900
2016-11-10 16:00:00,762.5600,762.5600,762.5600,762.5600,105700
2016-11-11 09:34:17,755.7846,759.7000,755.7846,756.5400,0
2016-11-11 09:39:59,758.1000,759.5000,754.0000,755.4400,79000
2016-11-11 09:44:00,756.9000,760.7700,755.5950,758.2200,68000
2016-11-11 09:49:00,754.4300,757.9500,754.0000,757.0400,68600
2016-11-11 09:54:06,751.4900,755.5100,751.1000,754.2200,71200
2016-11-11 09:59:02,751.5400,752.8575,751.2900,751.9600,78600
2016-11-11 10:04:01,752.5200,754.2600,751.0600,751.6900,58600
2016-11-11 10:09:02,756.4510,756.5000,752.9000,752.9000,64800
2016-11-11 10:14:14,758.7500,759.0699,755.8500,755.8900,54200
2016-11-11 10:19:04,755.8290,758.5600,755.6146,758.4000,43800
2016-11-11 10:24:00,754.3313,756.5200,753.8100,756.3700,41300
2016-11-11 10:29:04,752.3700,754.3900,751.2300,754.3900,41100
2016-11-11 10:34:02,754.5800,754.5800,751.8000,752.2600,37900
2016-11-11 10:39:59,755.4000,755.9800,754.0210,755.3100,21900
2016-11-11 10:44:57,756.5400,756.6000,754.1800,755.6500,28500
2016-11-11 10:49:05,755.5100,757.1611,755.2600,756.9000,27200
2016-11-11 10:54:04,755.1500,755.4000,754.0500,755.4000,21300
2016-11-11 10:59:02,754.8400,755.2500,753.7600,755.2500,17300
2016-11-11 11:04:07,754.5900,754.6700,753.6301,754.2900,8800
2016-11-11 11:09:19,754.4600,756.1600,754.3600,754.3600,26000
2016-11-11 11:14:04,754.5300,754.5300,752.1300,754.3100,20400
2016-11-11 11:19:11,754.0000,754.4700,753.2600,754.0600,23500
2016-11-11 11:24:13,753.2400,754.6520,753.1200,753.9800,14100
2016-11-11 11:29:01,753.5294,753.7300,752.3050,753.2300,15800
2016-11-11 11:34:01,754.4400,754.7250,753.7300,753.7300,19200
2016-11-11 11:39:03,755.1000,755.4933,754.7000,754.7300,12500
2016-11-11 11:44:01,754.2100,755.4100,754.1500,755.3600,11900
2016-11-11 11:48:04,752.3800,754.0200,751.8000,754.0200,13500
2016-11-11 11:53:01,753.1700,753.5100,752.2696,752.2696,7200
2016-11-11 11:59:04,754.1250,754.8300,752.8800,753.1500,13000
2016-11-11 12:04:13,754.7600,755.5400,753.7900,753.7900,11800
2016-11-11 12:09:12,755.1900,755.2600,754.1200,754.8000,16700
2016-11-11 12:14:06,755.7900,755.7900,754.5100,755.0100,13000
2016-11-11 12:19:00,757.0000,757.3900,755.6650,756.0000,17400
2016-11-11 12:24:03,755.9500,756.9840,755.5800,756.6300,20300
2016-11-11 12:29:01,756.9600,757.1100,755.5700,756.1016,16800
2016-11-11 12:34:00,757.5600,758.0000,756.6800,757.1800,29000
2016-11-11 12:39:18,759.9600,760.0000,757.8650,757.8650,25800
2016-11-11 12:44:04,757.1567,760.0000,756.9000,760.0000,30600
2016-11-11 12:49:17,755.9000,757.3200,755.9000,757.1900,21100
2016-11-11 12:54:03,755.8600,756.2579,755.5000,755.9800,12200
2016-11-11 12:59:06,754.8400,756.0700,753.3300,756.0190,19300
2016-11-11 13:04:30,755.0000,755.0000,753.8600,754.5000,10000
2016-11-11 13:09:03,755.0200,755.6300,754.5500,755.1200,8300
2016-11-11 13:14:13,755.0000,755.7100,754.8301,755.4447,8500
2016-11-11 13:19:15,754.9900,756.4500,754.5870,754.9700,14000
2016-11-11 13:24:33,754.6200,755.4100,754.6200,755.0550,15000
2016-11-11 13:29:28,755.0000,755.0000,754.3900,754.4000,6700
2016-11-11 13:34:43,755.1700,755.6000,754.7600,755.0900,12100
2016-11-11 13:39:01,753.9100,755.0500,753.9100,755.0500,13400
2016-11-11 13:44:32,754.1300,754.1600,753.5000,753.9200,12800
2016-11-11 13:49:22,754.1500,754.5000,753.8000,754.1200,7900
2016-11-11 13:54:11,753.4550,754.1000,753.2900,754.1000,13800
2016-11-11 13:59:12,753.1600,753.8087,752.6100,753.6150,14400
2016-11-11 14:04:04,751.9100,752.7300,751.9100,752.6108,27600
2016-11-11 14:09:27,752.1600,752.5999,751.9400,752.0900,18200
2016-11-11 14:14:02,752.9500,752.9500,752.0300,752.3900,18100
2016-11-11 14:19:04,753.1500,753.5000,752.6800,752.8500,20200
2016-11-11 14:24:16,752.8000,753.6889,752.6805,753.1400,15500
2016-11-11 14:29:00,752.2722,753.0100,752.0200,752.8600,11500
2016-11-11 14:34:05,752.2500,752.4600,752.0100,752.4100,15000
2016-11-11 14:39:05,751.1747,752.0900,750.9600,752.0900,37500
2016-11-11 14:44:02,751.6300,751.6300,750.5800,750.9400,25700
2016-11-11 14:49:09,751.4200,752.1400,751.2000,751.9480,13700
2016-11-11 14:54:07,751.1601,751.8900,750.8700,751.6166,10900
2016-11-11 14:59:04,750.4700,751.8900,750.4700,751.2200,23600
2016-11-11 15:04:03,750.7700,750.8500,750.3800,750.5999,15700
2016-11-11 15:09:05,750.4975,750.9100,750.4200,750.7650,34400
2016-11-11 15:14:02,751.7700,752.2400,750.4000,750.4500,27300
2016-11-11 15:19:02,751.2128,751.9543,751.0000,751.9218,16800
2016-11-11 15:24:03,751.9100,752.1400,751.4700,751.5000,15700
2016-11-11 15:29:04,751.6800,752.1800,751.6300,752.0400,13400
2016-11-11 15:34:06,752.7200,752.9500,751.7100,751.7250,18700
2016-11-11 15:39:59,751.8200,753.2400,751.6000,752.7500,21300
2016-11-11 15:44:02,752.5300,753.0700,751.8700,751.8700,22200
2016-11-11 15:49:02,752.4000,753.0000,752.2200,752.4800,45500
2016-11-11 15:54:00,754.3600,754.6679,752.3900,752.4900,74000
2016-11-11 15:59:00,754.0400,755.3000,753.4100,754.2100,114400
2016-11-11 16:00:00,754.0200,754.0200,754.0200,754.0200,178500
2016-11-14 09:34:02,748.4500,755.6000,747.2200,755.6000,0
2016-11-14 09:39:01,747.5300,749.2890,746.8600,748.4450,58400
2016-11-14 09:44:57,746.6300,747.6600,746.2900,747.1900,48700
2016-11-14 09:49:59,745.5000,748.0700,745.3100,747.3400,46300
2016-11-14 09:54:23,746.1100,746.9100,744.4900,745.7800,53600
2016-11-14 09:59:00,744.0000,746.5600,744.0000,746.0800,32200
2016-11-14 10:04:11,742.8000,744.2843,742.8000,744.1700,47200
2016-11-14 10:09:01,746.9900,748.3400,743.0200,743.0200,53700
2016-11-14 10:14:03,745.0900,746.9800,744.7700,746.9800,39700
2016-11-14 10:19:02,744.8200,746.2756,744.5850,745.5500,36400
2016-11-14 10:24:18,744.2300,745.9700,743.7900,745.1900,29800
2016-11-14 10:29:05,741.4825,744.2500,740.6350,744.0000,46200
2016-11-14 10:34:00,740.5300,742.2917,740.4900,741.5472,41500
2016-11-14 10:39:01,739.2850,742.6250,739.0100,740.8800,99600
2016-11-14 10:44:00,738.2853,739.4100,737.7300,739.2600,66200
2016-11-14 10:49:01,737.9500,738.9900,737.0100,738.2950,63100
2016-11-14 10:54:01,737.7200,738.4300,737.1000,737.9450,70600
2016-11-14 10:59:00,735.5800,737.6500,735.1970,737.5150,49400
2016-11-14 11:04:03,733.7650,735.6600,732.4000,735.5900,68800
2016-11-14 11:09:03,733.1200,734.1050,732.5300,734.1050,57100
2016-11-14 11:14:00,734.6800,735.0000,733.0000,733.1300,43600
2016-11-14 11:19:00,737.8900,738.4600,734.6404,734.8500,77000
2016-11-14 11:24:59,737.2500,738.5800,736.3800,737.9899,56400
2016-11-14 11:29:30,735.8000,737.6499,735.6100,737.2405,37500
2016-11-14 11:34:04,734.0300,735.8100,734.0300,735.8100,43200
2016-11-14 11:39:00,735.1900,735.6900,733.8750,734.1650,62000
2016-11-14 11:44:02,733.9900,735.4400,733.0700,735.2400,43200
2016-11-14 11:49:01,734.3300,735.0000,733.4700,734.0500,43400
2016-11-14 11:54:02,734.2000,735.5000,733.8700,734.7000,44900
2016-11-14 11:59:00,733.2800,734.7300,733.0400,734.5600,52800
2016-11-14 12:04:01,733.4600,734.2800,733.1000,733.3000,39300
2016-11-14 12:09:04,732.5300,734.2000,732.5100,733.8840,32100
2016-11-14 12:14:00,731.7100,732.6200,730.6300,732.6000,55600
2016-11-14 12:19:01,731.4200,732.0500,730.5101,731.6000,27500
2016-11-14 12:24:12,731.4199,731.8272,730.6830,731.5769,18300
2016-11-14 12:29:10,729.2780,731.0700,729.1100,730.6600,49500
2016-11-14 12:34:59,729.2800,730.2300,729.0600,729.1900,53400
2016-11-14 12:39:55,730.2051,730.4300,728.6006,729.2700,43700
2016-11-14 12:44:54,728.0400,730.6800,727.9400,730.2339,45000
2016-11-14 12:49:01,728.7860,729.3699,727.5400,727.9600,40800
2016-11-14 12:54:19,730.2100,731.6000,728.7800,729.3599,21200
2016-11-14 12:59:01,733.6600,733.9650,730.0240,730.0240,42800
2016-11-14 13:04:11,734.4263,734.8400,732.8600,733.4150,21800
2016-11-14 13:09:05,735.2500,735.2500,733.7193,734.5200,33100
2016-11-14 13:14:02,735.0600,735.5000,734.9400,735.2499,31300
2016-11-14 13:19:01,735.5200,736.9700,734.7510,735.2500,59700
2016-11-14 13:24:10,736.1700,736.4830,735.2800,735.4870,22800
2016-11-14 13:29:00,739.2500,739.4500,735.7500,736.1108,42700
2016-11-14 13:34:58,739.9200,741.3600,738.6200,739.3300,45600
2016-11-14 13:39:53,741.8200,742.3200,739.9900,740.3559,38300
2016-11-14 13:44:46,740.7300,741.7900,740.3380,741.6250,33500
2016-11-14 13:49:03,738.5000,740.7900,737.6400,740.7900,29700
2016-11-14 13:54:20,740.8400,740.8400,737.5100,739.0000,39400
2016-11-14 13:59:03,738.4350,741.5100,738.1201,740.2500,29700
2016-11-14 14:04:01,739.8500,740.0700,737.6300,738.1500,45900
2016-11-14 14:09:14,739.4050,740.1900,738.6500,739.8700,36900
2016-11-14 14:14:10,740.4380,740.4380,739.2500,739.5600,19400
2016-11-14 14:19:01,740.1500,741.6250,740.1500,740.6200,23600
2016-11-14 14:24:02,742.1450,742.4000,739.2500,740.1700,62800
2016-11-14 14:29:20,741.7600,742.3091,741.4900,742.1250,41200
2016-11-14 14:34:10,740.6100,742.2400,740.1100,741.8000,17100
2016-11-14 14:39:01,739.7000,740.5800,739.2400,740.2600,20400
2016-11-14 14:44:17,737.2500,739.7979,736.4400,739.7550,41000
2016-11-14 14:49:10,740.9600,741.0600,737.1300,737.5714,28800
2016-11-14 14:54:02,740.5100,741.1800,740.2000,740.9700,31200
2016-11-14 14:59:06,742.2200,742.5000,740.3200,740.4664,32900
2016-11-14 15:04:17,741.2000,742.5250,741.1500,742.0260,14400
2016-11-14 15:09:01,741.2900,741.9700,740.7900,741.3100,25400
2016-11-14 15:14:05,741.3656,741.8700,740.9300,740.9300,11800
2016-11-14 15:19:16,740.8199,741.6770,740.0000,741.4600,26500
2016-11-14 15:24:57,739.4200,740.6800,739.0400,740.5400,15400
2016-11-14 15:29:02,739.1600,739.5000,738.3100,739.3103,30100
2016-11-14 15:34:04,739.4500,741.0450,739.4500,739.6600,33600
2016-11-14 15:39:01,738.3000,739.7100,738.2150,739.5800,34200
2016-11-14 15:44:00,737.4635,738.4200,736.1200,738.4200,65500
2016-11-14 15:49:02,736.3200,737.6300,736.2580,737.3400,47900
2016-11-14 15:54:00,735.2900,736.5200,735.0600,736.2300,87500
2016-11-14 15:59:00,736.0800,736.4100,735.1000,735.3600,234400
2016-11-14 16:00:00,736.3400,736.3400,736.3400,736.3400,200
2016-11-15 09:34:00,750.5900,754.5000,747.0000,751.9500,0
2016-11-15 09:39:02,758.9495,758.9495,749.7300,750.6750,123900
2016-11-15 09:44:08,757.0500,760.0000,756.7200,758.2800,90000
2016-11-15 09:49:05,758.2800,758.8800,755.4200,756.9400,69100
2016-11-15 09:54:04,758.5200,759.2300,757.3400,757.6063,45500
2016-11-15 09:59:15,757.0200,758.5000,756.5200,758.3400,37300
2016-11-15 10:04:03,759.6550,760.1800,757.2043,757.2100,50100
2016-11-15 10:09:08,760.7800,761.3200,759.3200,759.6100,44800
2016-11-15 10:14:01,762.7050,764.3100,760.7976,760.7976,80500
2016-11-15 10:19:14,760.9900,762.7050,760.8166,762.6400,36500
2016-11-15 10:24:10,761.7621,761.7621,760.3300,761.0000,32600
2016-11-15 10:29:02,760.0000,762.0700,759.7100,761.3700,35800
2016-11-15 10:34:00,758.4900,760.2100,758.4900,760.2100,26300
2016-11-15 10:39:05,757.2700,758.3700,757.0900,758.3500,30600
2016-11-15 10:44:00,757.2300,757.7600,756.2700,757.1900,20800
2016-11-15 10:49:59,756.2500,758.0550,756.1100,757.3100,22500
2016-11-15 10:54:10,755.7800,756.5416,755.0300,756.3374,38600
2016-11-15 10:59:08,758.7200,758.9499,755.3750,755.4000,23100
2016-11-15 11:04:12,759.1799,759.2000,758.4700,759.0000,27200
2016-11-15 11:09:19,758.7278,759.7300,758.3200,759.1600,18400
2016-11-15 11:14:12,758.6000,759.4200,758.3400,758.9500,16400
2016-11-15 11:19:03,760.4656,761.6900,758.3400,758.3400,21800
2016-11-15 11:24:09,761.9600,762.1700,758.9700,760.0100,17200
2016-11-15 11:29:15,759.5500,761.7700,759.3800,761.7700,15200
2016-11-15 11:34:28,759.0950,759.8800,759.0000,759.3600,14600
2016-11-15 11:39:15,758.9400,759.7000,758.5000,759.0000,13300
2016-11-15 11:44:00,758.6871,759.3300,758.0100,759.3300,13300
2016-11-15 11:49:01,758.0097,758.8200,757.2000,758.7500,18400
2016-11-15 11:54:58,758.6000,759.0700,757.8000,758.2200,14100
2016-11-15 11:59:09,757.6800,759.2000,757.5100,759.0500,16200
2016-11-15 12:04:08,757.2400,757.8650,756.5800,757.3300,18100
2016-11-15 12:09:28,758.7500,758.8800,757.2200,757.3760,17700
2016-11-15 12:14:00,758.4300,758.6700,757.7500,758.6500,12800
2016-11-15 12:19:09,758.0500,758.5100,757.7800,758.1600,17100
2016-11-15 12:24:59,758.8200,758.9700,757.9300,757.9800,7500
2016-11-15 12:29:03,756.8250,758.8040,756.8250,758.8040,13100
2016-11-15 12:34:12,757.0700,757.5400,756.6600,756.7025,17300
2016-11-15 12:39:07,756.8300,757.0000,756.3700,756.7925,13700
2016-11-15 12:44:00,755.1850,756.8815,755.1850,756.8600,14100
2016-11-15 12:49:02,754.7700,755.1550,754.3500,755.0300,20100
2016-11-15 12:54:04,755.9550,756.1300,754.5000,754.9350,16900
2016-11-15 12:59:12,755.6108,756.0200,755.0000,755.7991,11900
2016-11-15 13:04:58,757.1500,757.4800,756.0558,756.0900,9800
2016-11-15 13:09:00,758.1550,758.1550,756.5200,757.3150,22200
2016-11-15 13:14:01,758.5500,758.8350,757.6200,758.1300,11200
2016-11-15 13:19:07,759.0678,759.2900,758.4100,758.5350,11800
2016-11-15 13:24:08,758.3000,759.2900,758.2100,758.8850,10100
2016-11-15 13:29:02,757.5300,758.5000,757.5300,758.5000,10600
2016-11-15 13:34:08,760.1980,760.4400,757.3300,757.6000,25300
2016-11-15 13:39:12,759.3390,760.1200,759.0800,760.1200,11400
2016-11-15 13:44:22,759.4100,759.4100,758.6700,759.2900,8800
2016-11-15 13:49:14,759.7900,760.4850,759.5100,759.5700,12700
2016-11-15 13:54:13,760.6100,760.9500,760.1500,760.1500,13600
2016-11-15 13:59:03,760.2500,760.4850,759.0400,760.1800,10900
2016-11-15 14:04:01,759.5300,761.1400,759.5300,760.3000,12400
2016-11-15 14:09:12,760.2500,760.2500,759.2500,759.4950,13000
2016-11-15 14:14:16,761.5505,761.5505,760.0700,760.5400,16300
2016-11-15 14:19:01,760.5900,761.1800,760.1100,761.1800,9500
2016-11-15 14:24:00,759.2100,760.7700,759.2100,760.5800,15900
2016-11-15 14:29:06,759.5900,759.6700,758.6600,759.3449,14100
2016-11-15 14:34:02,760.6253,761.1857,759.9600,759.9600,13800
2016-11-15 14:39:06,762.1000,762.3000,760.7900,760.8700,19000
2016-11-15 14:44:19,761.3600,762.1700,761.0400,762.1700,13300
2016-11-15 14:49:09,760.2500,761.4650,760.2500,761.4000,10700
2016-11-15 14:54:25,761.4200,761.7400,759.8400,760.1900,14900
2016-11-15 14:59:00,763.0233,763.0233,761.6850,761.6850,20300
2016-11-15 15:04:15,763.5500,764.4162,762.7200,762.9800,33000
2016-11-15 15:09:00,763.2500,763.5975,762.2900,763.5000,21100
2016-11-15 15:14:18,762.9600,763.5800,762.5200,763.5800,12000
2016-11-15 15:19:19,761.8978,762.9599,761.8800,762.8000,18300
2016-11-15 15:24:10,762.5600,762.8900,761.7400,761.9100,23800
2016-11-15 15:29:04,761.5400,762.9300,761.4100,762.9300,39000
2016-11-15 15:34:00,761.1500,762.3000,761.1500,761.6900,27200
2016-11-15 15:39:03,761.1700,761.7100,760.8700,761.1300,30300
2016-11-15 15:44:09,760.3600,761.7300,760.1100,761.2000,38400
2016-11-15 15:49:02,760.4100,761.2400,760.3250,760.4000,38600
2016-11-15 15:54:59,759.6400,760.3701,759.0100,760.2500,56400
2016-11-15 15:59:00,758.5800,759.8250,758.4200,759.5500,121800
2016-11-15 16:00:00,758.4900,758.4900,758.4900,758.4900,115000
2016-11-16 09:34:01,754.3300,755.2000,750.5100,753.1900,0
2016-11-16 09:39:02,756.5600,760.5700,753.5100,753.9300,62600
2016-11-16 09:44:06,760.6200,762.1680,756.0700,756.9200,41500
2016-11-16 09:49:00,761.7600,764.0100,760.8600,761.5475,48900
2016-11-16 09:54:21,758.2800,761.8399,757.9700,761.4900,37800
2016-11-16 09:59:23,755.9400,759.1300,755.5300,757.9355,21400
2016-11-16 10:04:02,757.7825,758.4900,755.5400,756.2900,21800
2016-11-16 10:09:03,757.6900,759.0100,756.8000,758.1400,32800
2016-11-16 10:14:04,758.0200,758.7500,757.7100,758.4200,13900
2016-11-16 10:19:02,758.0600,758.6900,757.3000,757.9410,16400
2016-11-16 10:24:02,762.1300,762.4900,758.0500,758.2950,24100
2016-11-16 10:29:01,759.7100,762.6700,759.5900,762.6700,19400
2016-11-16 10:34:11,761.9200,762.5300,759.6500,759.9550,20800
2016-11-16 10:39:02,763.7500,764.3000,761.9300,761.9300,46300
2016-11-16 10:44:00,763.0000,765.3500,762.2500,763.8600,32200
2016-11-16 10:49:08,763.7100,763.7500,762.0000,762.8500,18100
2016-11-16 10:54:19,762.2500,763.6200,761.6000,763.6200,15700
2016-11-16 10:59:13,763.0800,763.7553,762.3600,762.3800,12600
2016-11-16 11:04:01,761.2400,763.8300,760.4100,763.3500,15400
2016-11-16 11:09:12,761.1060,762.0000,761.0600,761.5000,11400
2016-11-16 11:14:00,760.3400,761.0600,760.3000,761.0200,10500
2016-11-16 11:19:01,760.0000,760.3300,759.7300,760.3000,18600
2016-11-16 11:24:23,759.4500,760.1348,759.2100,759.8414,7700
2016-11-16 11:29:04,763.2700,763.2700,759.4460,759.5401,15800
2016-11-16 11:34:04,764.4400,764.4400,762.7900,762.8900,14200
2016-11-16 11:39:05,764.1300,765.0300,763.9200,764.5700,14600
2016-11-16 11:44:24,763.0800,764.7950,763.0800,764.2400,10200
2016-11-16 11:49:20,763.5399,763.9500,762.9440,763.1900,8400
2016-11-16 11:54:35,763.6500,763.9500,763.3000,763.3900,10500
2016-11-16 11:59:12,764.4500,764.4800,763.7316,763.9600,9300
2016-11-16 12:04:07,763.5000,764.4400,763.0700,764.4400,11700
2016-11-16 12:09:02,763.3800,764.1600,763.2800,763.3400,16300
2016-11-16 12:14:13,763.9600,764.5100,763.5100,763.7060,6700
2016-11-16 12:19:04,763.3000,764.0200,763.3000,764.0000,10400
2016-11-16 12:24:02,763.8500,764.2950,763.3000,763.3550,18700
2016-11-16 12:29:08,764.5000,764.5000,763.5600,763.8000,6200
2016-11-16 12:34:01,765.4000,765.6800,764.6034,764.6200,14100
2016-11-16 12:39:05,766.0400,766.1200,765.1699,765.2400,21700
2016-11-16 12:44:12,764.5100,766.3600,764.4900,765.9800,27600
2016-11-16 12:48:02,764.1100,764.9800,764.1100,764.7300,5800
2016-11-16 12:54:14,764.7300,764.8100,764.2100,764.2100,8400
2016-11-16 12:59:30,765.4400,765.4400,764.5500,764.7100,10600
2016-11-16 13:04:46,765.3900,765.8800,765.0900,765.4200,13800
2016-11-16 13:09:09,764.8400,765.0700,764.2100,765.0600,25800
2016-11-16 13:14:05,765.4780,765.5899,764.4500,764.5700,8300
2016-11-16 13:19:10,764.6100,765.8500,764.5700,765.5200,18000
2016-11-16 13:24:56,764.4200,764.9100,764.3400,764.5600,12800
2016-11-16 13:29:01,765.7000,765.7000,764.8500,764.8500,6900
2016-11-16 13:34:28,765.4600,765.9900,765.2143,765.9500,8200
2016-11-16 13:39:00,766.0566,766.2800,765.2400,765.2400,5400
2016-11-16 13:44:05,765.5700,765.9600,765.1500,765.9600,5200
2016-11-16 13:49:08,765.2400,765.7800,765.2400,765.4850,4300
2016-11-16 13:54:09,765.3500,765.3500,764.8550,765.3300,6800
2016-11-16 13:59:12,764.7000,765.4100,764.5801,765.3000,5200
2016-11-16 14:04:18,763.7000,764.5400,763.6300,764.5400,4900
2016-11-16 14:09:11,763.9900,763.9900,763.3500,763.5000,8800
2016-11-16 14:14:47,763.0500,763.8300,763.0500,763.8200,7200
2016-11-16 14:19:08,763.0399,763.1200,762.8200,763.0900,5600
2016-11-16 14:24:07,762.6000,763.0400,762.4900,762.8900,8400
2016-11-16 14:29:18,762.3400,762.7500,762.2700,762.3900,14700
2016-11-16 14:34:11,762.9400,763.0800,762.2100,762.3900,16200
2016-11-16 14:39:14,763.3000,763.3000,762.7801,762.9800,12100
2016-11-16 14:44:02,763.4200,764.2400,763.1100,763.4100,10100
2016-11-16 14:49:00,763.3300,763.5100,762.8800,763.5100,6500
2016-11-16 14:54:17,762.8400,763.4500,762.8400,763.3900,7000
2016-11-16 14:59:00,763.9325,764.0100,762.8300,762.8300,11200
2016-11-16 15:04:20,764.5100,764.7800,763.6901,763.9000,9100
2016-11-16 15:09:14,764.3600,764.7500,764.2000,764.6268,10500
2016-11-16 15:14:11,763.8001,764.2900,763.4200,764.2700,13200
2016-11-16 15:19:01,763.8500,763.8700,763.5000,763.7801,13100
2016-11-16 15:24:31,763.6000,764.0800,763.6000,763.9100,9600
2016-11-16 15:29:12,763.2300,763.7900,762.9401,763.5000,9200
2016-11-16 15:34:06,762.8000,763.1500,762.5000,763.0500,12200
2016-11-16 15:39:12,763.1500,763.1500,762.3300,762.6550,16000
2016-11-16 15:44:14,763.4100,763.9500,763.1500,763.2500,26000
2016-11-16 15:49:25,763.1000,763.8850,763.0200,763.2060,16800
2016-11-16 15:54:01,763.9800,764.0100,763.0500,763.1800,38200
2016-11-16 15:59:00,764.5600,765.0000,763.6800,763.8700,73800
2016-11-16 16:00:00,764.4800,764.4800,764.4800,764.4800,62400
2016-11-17 09:34:04,768.6816,770.6800,764.2600,766.9200,0
2016-11-17 09:39:02,769.0900,772.1000,768.5500,769.6200,46800
2016-11-17 09:44:06,770.3000,770.9500,768.8483,768.8483,26200
2016-11-17 09:49:12,770.4300,770.9700,769.3100,770.2452,23200
2016-11-17 09:54:06,770.0200,771.4900,769.8200,770.1300,22000
2016-11-17 09:59:01,770.5200,771.4500,769.9300,770.0400,28700
2016-11-17 10:04:01,769.1875,771.1700,769.1875,770.7912,19000
2016-11-17 10:09:01,770.0000,770.0000,768.5200,769.2100,11700
2016-11-17 10:14:13,769.9725,770.0100,769.1101,769.4600,16500
2016-11-17 10:19:07,769.5399,769.8100,768.7100,769.8100,12200
2016-11-17 10:24:38,769.1850,770.0500,769.0364,769.5400,13000
2016-11-17 10:29:27,768.5500,769.8700,768.5500,769.5000,15000
2016-11-17 10:34:12,768.6500,768.8900,767.8900,768.3650,13400
2016-11-17 10:39:10,769.0000,769.0000,768.5300,768.6550,23900
2016-11-17 10:44:10,770.0000,770.0000,768.7100,768.9600,15200
2016-11-17 10:49:10,770.3100,770.5700,769.4800,769.8820,23900
2016-11-17 10:54:02,770.4550,771.0000,769.8000,770.6000,15000
2016-11-17 10:59:53,770.1850,770.9200,769.9600,770.3600,18500
2016-11-17 11:04:16,770.0800,770.5600,769.6700,769.7000,7600
2016-11-17 11:09:02,769.7192,770.6750,769.5001,770.0200,17800
2016-11-17 11:14:12,770.1000,770.6000,769.8700,769.9800,8800
2016-11-17 11:19:15,770.4000,770.4000,769.6050,770.0700,6000
2016-11-17 11:24:27,770.2250,770.5000,770.0000,770.3100,6600
2016-11-17 11:29:27,769.9000,770.2100,769.6100,770.0000,14000
2016-11-17 11:34:14,770.5100,770.6900,768.9200,770.0000,15200
2016-11-17 11:39:09,770.8900,770.9000,770.4000,770.8000,13700
2016-11-17 11:44:03,770.9300,770.9500,770.6000,770.8400,11300
2016-11-17 11:49:12,770.6400,770.9400,770.3100,770.6600,62400
2016-11-17 11:54:53,771.1600,771.3600,770.5500,770.6100,18700
2016-11-17 11:59:02,771.4100,771.4100,770.8780,771.1900,14700
2016-11-17 12:04:04,771.7019,771.8600,771.2620,771.2900,12700
2016-11-17 12:09:23,771.7100,772.0500,771.6300,771.8200,17000
2016-11-17 12:14:18,771.9325,772.0000,770.8890,771.7700,14100
2016-11-17 12:19:02,771.9100,772.6700,771.7600,771.9300,17400
2016-11-17 12:24:09,772.2500,772.3700,771.9100,771.9663,10800
2016-11-17 12:29:22,771.8800,772.3200,771.7150,772.2800,7700
2016-11-17 12:34:25,771.3000,771.7000,771.2716,771.7000,13600
2016-11-17 12:39:02,772.2200,772.7000,771.5500,771.6000,14000
2016-11-17 12:44:58,771.4950,772.6700,771.3700,772.4200,16500
2016-11-17 12:49:27,770.8400,771.6200,770.3510,771.6100,6500
2016-11-17 12:54:20,770.0000,770.9800,770.0000,770.7500,7500
2016-11-17 12:59:08,770.5700,770.8600,769.5700,769.9800,12500
2016-11-17 13:04:02,770.6941,771.0000,770.3410,770.6100,7300
2016-11-17 13:09:14,769.4500,770.4950,769.4500,770.3400,5200
2016-11-17 13:14:20,769.8800,769.8800,769.5721,769.6460,4000
2016-11-17 13:19:03,769.2200,770.2100,769.2200,770.1200,13300
2016-11-17 13:24:27,769.0183,769.2500,768.8500,769.1200,5200
2016-11-17 13:29:02,769.0700,769.4750,768.8700,769.2800,6100
2016-11-17 13:34:42,769.9100,769.9100,768.9900,769.3300,11200
2016-11-17 13:39:39,769.4606,770.6050,769.1000,770.1700,8700
2016-11-17 13:43:48,770.2610,770.2610,769.8400,769.8700,2800
2016-11-17 13:49:26,770.2400,770.4050,769.3231,769.9800,6000
2016-11-17 13:54:05,770.0000,770.6400,769.9700,770.2000,9000
2016-11-17 13:59:06,769.2500,769.9700,769.1600,769.7800,3600
2016-11-17 14:04:43,768.7499,769.6341,768.2800,769.1550,9700
2016-11-17 14:09:56,769.1200,769.3400,768.0500,768.3550,20800
2016-11-17 14:14:18,768.8500,769.3700,768.7900,769.0700,8200
2016-11-17 14:19:14,769.4200,769.7850,769.1600,769.1600,7200
2016-11-17 14:24:16,768.4800,769.3000,768.1950,769.3000,10100
2016-11-17 14:29:07,767.7600,768.7117,767.5700,768.7117,16900
2016-11-17 14:34:06,767.5161,767.8800,767.3800,767.7300,12000
2016-11-17 14:39:08,768.5200,768.9400,767.6900,767.6900,8200
2016-11-17 14:44:03,768.4280,769.0000,768.4175,768.5300,4400
2016-11-17 14:49:02,768.7100,769.0800,768.5100,768.5200,9900
2016-11-17 14:54:31,768.5900,768.7365,768.3000,768.7365,7400
2016-11-17 14:59:14,769.5800,769.5800,768.4600,768.6050,7900
2016-11-17 15:04:08,770.3600,770.4900,769.4900,769.4900,13600
2016-11-17 15:09:10,769.7266,770.5800,769.5900,770.3900,7800
2016-11-17 15:14:04,770.5568,770.6200,769.7350,769.8600,14500
2016-11-17 15:18:03,770.3700,770.8200,770.1900,770.6900,6200
2016-11-17 15:24:17,770.0000,770.5000,769.6520,770.3100,9200
2016-11-17 15:29:00,770.4400,770.8400,770.0800,770.0800,11400
2016-11-17 15:34:04,770.6100,771.1200,770.2300,770.3750,12200
2016-11-17 15:39:03,770.6000,770.8760,770.3200,770.4921,15000
2016-11-17 15:43:00,770.5100,770.8750,769.9200,770.5700,11500
2016-11-17 15:49:06,770.5000,771.1500,770.1900,770.3450,29200
2016-11-17 15:54:03,770.6800,770.8500,770.4400,770.5700,14300
2016-11-17 15:59:00,771.2300,771.8997,770.5000,770.6400,0
2016-11-17 16:00:00,771.2300,771.2300,771.2300,771.2300,300
2016-11-18 09:34:03,773.9500,774.9100,771.3700,771.3700,164300
2016-11-18 09:39:04,774.4500,774.5100,773.1300,774.0650,41600
2016-11-18 09:44:14,772.9900,775.0000,772.6100,774.3300,50600
2016-11-18 09:49:59,772.6550,773.1800,772.0101,772.8800,21900
2016-11-18 09:54:01,771.6500,773.6900,771.2500,772.8700,36000
2016-11-18 09:59:04,769.7300,772.0200,769.6000,771.5500,38100
2016-11-18 10:04:03,770.6900,770.6900,768.8300,769.4200,24200
2016-11-18 10:09:05,769.3200,770.8200,769.0700,770.5746,18600
2016-11-18 10:14:07,768.0000,769.3100,768.0000,769.3100,14500
2016-11-18 10:19:04,765.5735,767.9700,765.3100,767.9600,47800
2016-11-18 10:24:25,766.1600,766.1600,765.2800,765.5123,12600
2016-11-18 10:29:13,767.1300,767.4800,765.8000,766.3200,17400
2016-11-18 10:34:05,764.4700,767.2100,764.4700,767.2100,20500
2016-11-18 10:39:02,765.1600,765.2700,764.5300,764.9400,8500
2016-11-18 10:44:25,764.5100,765.5600,764.5100,765.2200,18600
2016-11-18 10:49:08,764.2900,764.8700,764.0000,764.5000,13200
2016-11-18 10:54:00,763.2900,764.5000,762.3800,764.5000,14600
2016-11-18 10:59:00,764.2600,764.2600,762.9500,763.3650,7600
2016-11-18 11:04:31,763.7500,764.3775,763.4200,763.8300,11700
2016-11-18 11:09:01,763.9200,764.4600,763.4000,763.5200,7000
2016-11-18 11:14:08,764.3200,764.3200,763.4800,764.0400,11300
2016-11-18 11:19:09,765.4100,765.4400,763.9050,764.4400,18600
2016-11-18 11:24:41,764.6000,765.4517,764.6000,765.4517,13100
2016-11-18 11:29:03,764.6300,765.4100,764.2400,764.9900,14900
2016-11-18 11:34:51,764.5300,764.6600,763.6600,764.6600,5800
2016-11-18 11:39:14,765.0000,765.0000,764.2100,764.3297,6600
2016-11-18 11:44:11,765.4100,765.4200,764.8588,765.0700,7500
2016-11-18 11:49:48,765.1683,766.2900,765.1683,765.6000,8400
2016-11-18 11:54:29,765.4848,766.1400,765.0100,765.1300,9600
2016-11-18 11:59:26,765.5600,765.9600,765.5180,765.6334,7700
2016-11-18 12:04:31,765.5200,765.8900,765.4100,765.5700,4500
2016-11-18 12:09:26,765.6000,765.8300,765.4450,765.6750,6300
2016-11-18 12:14:07,765.6900,765.9400,765.4800,765.5000,9300
2016-11-18 12:19:12,765.3500,765.7799,765.1450,765.7799,4100
2016-11-18 12:24:08,765.8000,765.8000,765.3300,765.6000,20300
2016-11-18 12:29:28,765.8400,766.1200,765.5000,765.8200,14300
2016-11-18 12:34:03,766.1900,766.1900,765.7700,765.7700,5300
2016-11-18 12:39:03,765.5340,766.0100,765.4800,766.0100,3500
2016-11-18 12:44:48,765.7844,765.9300,765.5400,765.5400,1300
2016-11-18 12:49:45,766.0900,766.2000,765.6800,765.6800,5400
2016-11-18 12:54:06,766.3600,766.8100,765.8200,766.0800,4600
2016-11-18 12:59:01,767.7000,767.7000,766.3300,766.4900,5500
2016-11-18 13:04:30,767.7900,767.9600,767.3150,767.7900,8500
2016-11-18 13:09:12,767.1050,767.9900,767.1050,767.7950,5800
2016-11-18 13:14:00,767.0600,767.1600,766.8800,767.1100,3200
2016-11-18 13:19:54,767.2600,767.2700,766.8300,767.2700,5700
2016-11-18 13:24:14,766.3700,767.4900,766.3700,767.4880,9700
2016-11-18 13:29:10,765.4100,766.5500,765.3800,766.5500,25400
2016-11-18 13:34:43,765.7000,765.8699,765.4000,765.4200,4600
2016-11-18 13:39:26,765.2700,765.9550,765.1300,765.7999,12300
2016-11-18 13:44:06,765.6399,765.6399,765.0600,765.2800,9400
2016-11-18 13:49:03,765.3100,765.6400,765.3100,765.5900,3200
2016-11-18 13:53:13,765.0100,765.3800,765.0100,765.2700,7500
2016-11-18 13:59:14,764.0491,765.0000,763.8250,765.0000,16500
2016-11-18 14:04:11,763.8400,764.3800,763.6200,764.1600,7800
2016-11-18 14:09:01,765.0100,765.1500,763.7400,764.0000,17500
2016-11-18 14:14:31,765.4000,765.4000,764.7210,765.0897,8300
2016-11-18 14:19:04,765.4300,765.7700,765.1200,765.3650,11000
2016-11-18 14:24:32,765.2400,765.4650,764.8800,765.4250,9600
2016-11-18 14:29:00,764.7600,765.4600,764.6400,765.3600,10300
2016-11-18 14:34:34,764.9350,765.2899,764.5500,764.5543,19400
2016-11-18 14:39:25,764.7000,765.4700,764.6200,764.9500,6400
2016-11-18 14:44:34,764.8500,765.0199,764.4600,764.7300,22800
2016-11-18 14:49:06,764.2200,764.8700,764.1700,764.7100,13200
2016-11-18 14:54:24,763.9400,764.4000,763.7100,764.0291,6700
2016-11-18 14:59:01,763.9800,763.9877,763.4260,763.7200,28600
2016-11-18 15:04:59,763.8400,764.0600,763.4700,763.6600,30400
2016-11-18 15:09:04,762.9300,763.9500,762.7800,763.9200,25900
2016-11-18 15:14:11,762.5000,763.0000,762.4200,762.7300,19500
2016-11-18 15:19:48,762.8996,762.8996,762.2600,762.6040,17200
2016-11-18 15:24:09,763.1300,763.4600,762.9301,763.1000,15500
2016-11-18 15:29:04,762.9756,763.4400,762.9000,763.2300,13900
2016-11-18 15:34:04,762.5000,763.1450,762.5000,763.1450,12400
2016-11-18 15:39:03,762.9400,762.9700,762.5100,762.5500,15500
2016-11-18 15:44:00,762.9400,763.4700,762.9400,763.0000,15800
2016-11-18 15:49:11,762.7900,762.8800,762.1500,762.8800,25700
2016-11-18 15:54:05,761.7000,762.6500,761.6400,762.6400,58400
2016-11-18 15:59:59,760.6873,761.9699,760.0000,761.7150,125700
2016-11-18 16:00:00,760.5400,760.5400,760.5400,760.5400,500
