2016-10-31 09:34:00,212.8300,213.0000,212.7200,212.9800,1716800
2016-10-31 09:39:00,212.8950,212.9790,212.7500,212.7900,891100
2016-10-31 09:44:00,212.7200,212.8800,212.6800,212.8800,646500
2016-10-31 09:49:59,212.9100,212.9600,212.6600,212.7292,741900
2016-10-31 09:54:01,212.6500,212.9800,212.6200,212.9200,556000
2016-10-31 09:59:59,212.6200,212.7600,212.6200,212.6500,1178200
2016-10-31 10:04:00,212.6300,212.7600,212.5900,212.6300,527200
2016-10-31 10:09:00,212.6700,212.6900,212.5700,212.6300,326200
2016-10-31 10:14:00,212.7400,212.7900,212.6500,212.6700,475400
2016-10-31 10:19:03,212.7100,212.8400,212.6950,212.7400,381200
2016-10-31 10:24:59,212.8050,212.8600,212.6500,212.7000,281400
2016-10-31 10:29:00,212.9099,212.9100,212.8000,212.8100,414600
2016-10-31 10:34:59,212.4850,212.9300,212.4800,212.9100,582400
2016-10-31 10:39:00,212.4800,212.5500,212.4500,212.4800,531000
2016-10-31 10:44:02,212.5000,212.5700,212.4300,212.4700,438000
2016-10-31 10:49:58,212.5650,212.6200,212.4300,212.5000,397600
2016-10-31 10:54:59,212.8401,212.8511,212.5100,212.5600,645000
2016-10-31 10:59:59,212.6600,212.8743,212.5700,212.8400,562700
2016-10-31 11:04:00,212.7400,212.7400,212.5500,212.6600,415600
2016-10-31 11:09:00,212.6950,212.7500,212.6000,212.7400,375900
2016-10-31 11:14:59,212.7250,212.7600,212.6500,212.7000,255100
2016-10-31 11:19:59,212.8100,212.8400,212.7000,212.7300,277000
2016-10-31 11:24:58,212.8600,212.8800,212.7700,212.8100,315100
2016-10-31 11:29:59,213.0189,213.0300,212.8000,212.8689,674000
2016-10-31 11:34:55,213.0700,213.1900,213.0100,213.0100,696700
2016-10-31 11:39:57,213.0600,213.0900,213.0300,213.0600,242700
2016-10-31 11:44:00,213.0400,213.0700,212.9450,213.0600,358500
2016-10-31 11:49:59,212.9900,213.0500,212.9800,213.0400,248600
2016-10-31 11:54:00,213.0300,213.0700,212.9700,212.9840,794000
2016-10-31 11:59:59,213.1150,213.1500,213.0300,213.0300,346300
2016-10-31 12:04:59,213.0311,213.1700,213.0100,213.1100,348100
2016-10-31 12:09:59,212.9610,213.0900,212.9600,213.0300,277700
2016-10-31 12:14:59,212.9450,213.0100,212.8916,212.9700,399500
2016-10-31 12:19:00,212.9500,212.9800,212.9000,212.9400,176700
2016-10-31 12:24:58,212.8500,212.9900,212.7800,212.9500,366000
2016-10-31 12:29:59,212.9650,212.9700,212.8400,212.8450,258200
2016-10-31 12:34:59,213.0000,213.0200,212.8600,212.9700,210400
2016-10-31 12:39:59,213.0450,213.0800,212.9700,212.9950,228100
2016-10-31 12:44:03,213.0301,213.0700,212.9600,213.0462,385200
2016-10-31 12:49:59,212.9700,213.0700,212.9400,213.0150,194600
2016-10-31 12:54:01,212.9308,213.0200,212.9300,212.9750,165900
2016-10-31 12:59:00,212.9300,213.0200,212.9100,212.9358,200500
2016-10-31 13:04:02,212.8950,212.9800,212.8950,212.9300,159300
2016-10-31 13:09:01,212.8500,212.9300,212.8450,212.8911,177600
2016-10-31 13:14:59,212.9000,212.9400,212.8100,212.8400,242600
2016-10-31 13:19:00,212.7950,212.9200,212.7300,212.8900,311100
2016-10-31 13:24:58,212.7700,212.9100,212.7400,212.7900,313000
2016-10-31 13:29:00,212.7655,212.8000,212.7400,212.7700,221400
2016-10-31 13:34:56,212.8300,212.8600,212.7200,212.7600,198400
2016-10-31 13:39:59,212.7800,212.8450,212.7400,212.8200,163200
2016-10-31 13:44:01,212.7850,212.8100,212.7000,212.7800,187900
2016-10-31 13:49:59,212.8400,212.8600,212.7900,212.8000,158600
2016-10-31 13:54:59,212.7430,212.9000,212.7400,212.8500,216300
2016-10-31 13:59:01,212.6800,212.7500,212.6600,212.7400,374900
2016-10-31 14:04:01,212.7350,212.7600,212.6850,212.6850,286000
2016-10-31 14:09:02,212.6600,212.7550,212.6500,212.7300,227600
2016-10-31 14:14:04,212.6000,212.7000,212.4500,212.6550,547000
2016-10-31 14:19:59,212.5300,212.6600,212.5300,212.5900,321800
2016-10-31 14:24:57,212.5100,212.6100,212.4900,212.5350,363700
2016-10-31 14:29:59,212.4500,212.5600,212.4200,212.5100,419400
2016-10-31 14:34:58,212.5400,212.5500,212.4400,212.4400,320200
2016-10-31 14:39:59,212.5900,212.6000,212.4800,212.5399,339900
2016-10-31 14:44:58,212.5300,212.6000,212.4700,212.5900,329700
2016-10-31 14:49:59,212.4200,212.5550,212.4200,212.5200,451900
2016-10-31 14:54:00,212.5600,212.5600,212.3600,212.4217,507400
2016-10-31 14:59:59,212.5150,212.5600,212.5000,212.5600,307700
2016-10-31 15:04:00,212.5500,212.5900,212.4400,212.5200,365200
2016-10-31 15:09:59,212.5600,212.6200,212.5100,212.5500,405300
2016-10-31 15:14:59,212.6600,212.7000,212.5400,212.5600,2162700
2016-10-31 15:19:59,212.5400,212.7100,212.5300,212.6700,519500
2016-10-31 15:24:59,212.5500,212.6300,212.5466,212.5466,248800
2016-10-31 15:29:59,212.6800,212.7000,212.5100,212.5500,352300
2016-10-31 15:34:59,212.6600,212.7800,212.6300,212.6800,758000
2016-10-31 15:39:59,212.6500,212.6900,212.6200,212.6650,372300
2016-10-31 15:44:00,212.6011,212.6700,212.5400,212.6500,417700
2016-10-31 15:49:57,212.6900,212.7000,212.5725,212.6100,694000
2016-10-31 15:54:00,212.5900,212.6500,212.5700,212.6400,782900
2016-10-31 15:59:01,212.5000,212.6900,212.3900,212.5825,6594600
2016-10-31 16:00:00,212.5500,212.5500,212.5500,212.5500,2379000
2016-11-01 09:34:59,212.8100,212.9900,212.7200,212.9300,0
2016-11-01 09:39:59,212.6750,212.8300,212.6000,212.8200,798600
2016-11-01 09:44:59,212.5100,212.6800,212.4100,212.6750,720800
2016-11-01 09:49:01,212.5200,212.6300,212.5000,212.5100,838200
2016-11-01 09:54:01,212.4100,212.5300,212.3600,212.5300,612300
2016-11-01 09:59:01,212.4300,212.4700,212.3700,212.4100,507700
2016-11-01 10:04:00,212.3250,212.5500,212.1900,212.4400,1344100
2016-11-01 10:09:01,212.2700,212.4200,212.2100,212.3300,748200
2016-11-01 10:14:58,212.1800,212.3000,212.0200,212.2700,962500
2016-11-01 10:19:59,212.2300,212.2300,212.1250,212.1800,590700
2016-11-01 10:24:56,212.2300,212.3000,212.1500,212.2300,650200
2016-11-01 10:29:59,212.1000,212.2600,212.0800,212.2300,526700
2016-11-01 10:34:00,212.1900,212.2600,212.0100,212.0900,885200
2016-11-01 10:39:59,211.8900,212.2200,211.8500,212.1900,690300
2016-11-01 10:44:59,211.9000,211.9900,211.8600,211.8800,953000
2016-11-01 10:49:59,211.9000,211.9400,211.7700,211.8999,530100
2016-11-01 10:54:59,211.9411,212.0300,211.8800,211.9050,683800
2016-11-01 10:59:59,212.1600,212.1800,211.9200,211.9500,881500
2016-11-01 11:04:57,212.1300,212.2300,212.1000,212.1550,493000
2016-11-01 11:09:00,212.1300,212.1900,212.0700,212.1200,372700
2016-11-01 11:14:59,212.0300,212.1400,211.9900,212.1300,712800
2016-11-01 11:19:59,212.0450,212.1400,211.9700,212.0300,276300
2016-11-01 11:24:57,211.9450,212.0800,211.9400,212.0500,320100
2016-11-01 11:29:59,211.9100,212.1100,211.9100,211.9500,407300
2016-11-01 11:34:00,211.8200,211.9000,211.6800,211.9000,853300
2016-11-01 11:39:58,211.9100,211.9600,211.7600,211.8100,1716400
2016-11-01 11:44:01,211.9500,212.0250,211.7800,211.9100,947400
2016-11-01 11:49:59,211.8800,212.0150,211.8500,211.9400,769000
2016-11-01 11:54:01,211.7600,211.9100,211.7100,211.8700,405000
2016-11-01 11:59:00,211.6251,211.7638,211.5600,211.7500,625400
2016-11-01 12:04:59,211.6700,211.6900,211.6000,211.6250,417900
2016-11-01 12:09:00,211.3900,211.6900,211.3800,211.6700,751900
2016-11-01 12:14:59,211.3300,211.3900,211.2300,211.3800,786900
2016-11-01 12:19:58,211.1600,211.3300,211.1000,211.3300,905000
2016-11-01 12:24:59,211.2199,211.2500,211.0508,211.1500,766100
2016-11-01 12:29:59,211.0808,211.2680,211.0800,211.2200,520600
2016-11-01 12:34:59,211.3000,211.3200,211.0800,211.1000,1126100
2016-11-01 12:39:00,211.1900,211.3400,211.1800,211.3000,1040900
2016-11-01 12:44:59,211.1300,211.2400,211.0450,211.1900,395800
2016-11-01 12:49:59,210.8801,211.1800,210.8700,211.1300,612400
2016-11-01 12:54:59,210.9900,210.9950,210.8300,210.8900,605600
2016-11-01 12:59:00,211.0746,211.1100,210.9800,211.0000,548700
2016-11-01 13:04:00,211.0700,211.1500,211.0200,211.0700,394500
2016-11-01 13:09:01,211.0500,211.0750,210.9700,211.0700,358500
2016-11-01 13:14:59,211.0400,211.1300,210.9750,211.0400,1110700
2016-11-01 13:19:59,210.8900,211.0400,210.8000,211.0400,557400
2016-11-01 13:24:59,210.7800,210.9000,210.6400,210.8963,599500
2016-11-01 13:29:59,210.8991,210.9500,210.7600,210.7850,2110400
2016-11-01 13:34:00,210.7500,210.9000,210.6900,210.8900,431300
2016-11-01 13:39:00,210.6050,210.8000,210.5900,210.7600,1013700
2016-11-01 13:44:00,210.3500,210.6100,210.2500,210.6000,1874500
2016-11-01 13:49:00,210.2950,210.3600,210.1400,210.3500,1838000
2016-11-01 13:54:00,210.3350,210.4100,210.2800,210.3000,1745400
2016-11-01 13:59:00,210.2900,210.4100,210.2500,210.3300,777100
2016-11-01 14:04:59,210.2992,210.4100,210.2000,210.2900,1124400
2016-11-01 14:09:59,210.1700,210.3400,210.0400,210.3000,1889500
2016-11-01 14:14:59,209.9900,210.2700,209.9600,210.1750,1165200
2016-11-01 14:19:03,209.7600,210.0300,209.6000,209.9839,2707800
2016-11-01 14:24:00,209.9271,209.9300,209.7300,209.7500,1138900
2016-11-01 14:29:01,210.4300,210.6000,209.9000,209.9250,25232300
2016-11-01 14:34:00,210.5400,210.6300,210.3000,210.4100,1418400
2016-11-01 14:39:59,210.5800,210.7600,210.4500,210.5400,982400
2016-11-01 14:44:59,210.5250,210.6257,210.2900,210.5700,1399400
2016-11-01 14:49:59,210.2900,210.5400,210.2600,210.5200,610700
2016-11-01 14:54:59,210.4950,210.4950,210.2100,210.2800,837400
2016-11-01 14:59:59,210.2900,210.5900,210.2700,210.4835,858000
2016-11-01 15:04:59,210.3362,210.4500,210.1100,210.2700,1088600
2016-11-01 15:09:59,210.3600,210.4200,210.2100,210.3300,589700
2016-11-01 15:14:01,210.2600,210.3700,210.1900,210.3600,644200
2016-11-01 15:19:59,210.5601,210.6500,210.1800,210.2700,938800
2016-11-01 15:24:59,210.4492,210.5800,210.3900,210.5700,693900
2016-11-01 15:29:59,210.7200,210.7300,210.4565,210.4600,1098800
2016-11-01 15:34:59,210.6500,210.7800,210.5800,210.7200,1319500
2016-11-01 15:39:00,210.8500,210.8800,210.5483,210.6400,909800
2016-11-01 15:44:03,210.7600,210.9200,210.6734,210.8500,1049600
2016-11-01 15:49:01,211.0240,211.2200,210.7600,210.7650,1595600
2016-11-01 15:54:59,211.0500,211.1000,210.8300,211.0300,1836700
2016-11-01 15:59:01,211.0200,211.1400,210.9100,211.0600,7231300
2016-11-01 16:00:00,211.0200,211.0200,211.0200,211.0200,200
2016-11-02 09:34:01,210.4700,210.6500,210.4300,210.6200,0
2016-11-02 09:39:59,210.8700,211.0000,210.4500,210.4900,1413500
2016-11-02 09:44:59,210.7300,210.8900,210.6300,210.8700,721300
2016-11-02 09:49:57,210.8700,211.0200,210.7225,210.7300,1178200
2016-11-02 09:54:59,210.7800,210.9900,210.7200,210.8600,807300
2016-11-02 09:59:59,210.8900,210.9800,210.7700,210.7800,566900
2016-11-02 10:04:00,210.9200,211.0892,210.7000,210.8800,1090800
2016-11-02 10:09:00,210.9100,210.9550,210.8500,210.9300,495100
2016-11-02 10:14:59,210.8300,210.9300,210.7800,210.9150,459400
2016-11-02 10:19:58,210.6300,210.9600,210.6100,210.8299,6483800
2016-11-02 10:24:59,210.4400,210.6950,210.4300,210.6300,672600
2016-11-02 10:29:00,210.6250,210.6350,210.4300,210.4300,518100
2016-11-02 10:34:59,210.2500,210.6300,210.1900,210.6300,1354800
2016-11-02 10:39:00,210.5850,210.6000,210.2000,210.2500,994300
2016-11-02 10:44:59,210.3900,210.5900,210.3900,210.5900,2415400
2016-11-02 10:49:00,210.4400,210.5500,210.2800,210.3950,545600
2016-11-02 10:54:59,210.2400,210.4500,210.1300,210.4490,1100600
2016-11-02 10:59:59,210.1901,210.2700,210.1300,210.2500,522800
2016-11-02 11:04:59,210.2200,210.3400,210.1700,210.1900,515900
2016-11-02 11:09:01,210.3999,210.4000,210.1600,210.2200,511600
2016-11-02 11:14:59,210.6100,210.6399,210.3400,210.3919,728100
2016-11-02 11:19:59,210.6400,210.7200,210.5500,210.5895,459200
2016-11-02 11:24:59,210.5800,210.6500,210.5100,210.6300,5275000
2016-11-02 11:29:59,210.5370,210.6900,210.5000,210.5900,351300
2016-11-02 11:34:59,210.4500,210.5800,210.4300,210.5300,385100
2016-11-02 11:39:59,210.3350,210.4700,210.2150,210.4550,512200
2016-11-02 11:44:57,210.4100,210.4166,210.2450,210.3300,352200
2016-11-02 11:49:59,210.4600,210.5300,210.3800,210.4100,394400
2016-11-02 11:54:00,210.3050,210.4600,210.2900,210.4500,335300
2016-11-02 11:59:04,210.3354,210.4700,210.2800,210.3000,457400
2016-11-02 12:04:59,210.2700,210.3600,210.2500,210.3300,456000
2016-11-02 12:09:00,210.4400,210.4500,210.2000,210.2700,602100
2016-11-02 12:14:59,210.3000,210.5300,210.3000,210.4400,354900
2016-11-02 12:19:59,210.4000,210.4300,210.3000,210.3000,277800
2016-11-02 12:24:05,210.3550,210.4600,210.2500,210.3939,369400
2016-11-02 12:29:59,210.3400,210.4100,210.2850,210.3600,313100
2016-11-02 12:34:02,210.2500,210.3900,210.2300,210.3500,246200
2016-11-02 12:39:01,210.2600,210.3100,210.1800,210.2600,293100
2016-11-02 12:44:03,210.3600,210.3700,210.2480,210.2650,490400
2016-11-02 12:49:01,210.3450,210.3850,210.3000,210.3600,245500
2016-11-02 12:54:59,210.3400,210.3800,210.2500,210.3400,199300
2016-11-02 12:59:59,210.4100,210.4300,210.3100,210.3450,403900
2016-11-02 13:04:00,210.2100,210.5000,210.2000,210.4000,427100
2016-11-02 13:09:01,210.1100,210.2400,210.0500,210.2100,449800
2016-11-02 13:14:00,209.8595,210.1500,209.8000,210.1200,968700
2016-11-02 13:19:57,209.7200,209.8500,209.7000,209.8500,506500
2016-11-02 13:24:00,209.7600,209.8060,209.6900,209.7100,460800
2016-11-02 13:29:00,209.9000,209.9500,209.7000,209.7500,588100
2016-11-02 13:34:00,209.8400,209.9700,209.8000,209.8800,361400
2016-11-02 13:39:59,209.8000,209.8800,209.7500,209.8450,255300
2016-11-02 13:44:59,209.8800,209.9100,209.7500,209.7900,5610700
2016-11-02 13:49:09,209.8100,209.9400,209.8000,209.8900,1821900
2016-11-02 13:54:59,209.9000,209.9300,209.8250,209.8500,633000
2016-11-02 13:59:01,209.9800,210.1000,209.9000,209.9200,730000
2016-11-02 14:04:00,209.8800,210.2300,209.6600,209.9900,1200400
2016-11-02 14:09:59,209.3310,209.8800,209.2300,209.8700,1518500
2016-11-02 14:14:59,209.7900,209.9000,209.3100,209.3292,1322000
2016-11-02 14:19:59,210.0000,210.1100,209.6000,209.7750,1289500
2016-11-02 14:24:00,210.1942,210.3200,209.9100,209.9916,1193200
2016-11-02 14:29:59,210.1600,210.4300,210.1050,210.1900,1748300
2016-11-02 14:34:59,210.2000,210.3100,210.0000,210.1600,850300
2016-11-02 14:39:59,210.2300,210.4300,210.0900,210.1900,1203300
2016-11-02 14:44:01,210.2200,210.3200,210.1200,210.2200,632000
2016-11-02 14:49:00,209.9900,210.3000,209.9000,210.2100,750400
2016-11-02 14:54:59,209.9200,210.0700,209.7900,209.9700,711700
2016-11-02 14:59:59,209.9225,210.1700,209.8900,209.9200,600600
2016-11-02 15:04:59,210.1000,210.1100,209.8200,209.9400,898400
2016-11-02 15:09:01,210.2000,210.2100,210.0000,210.1000,729400
2016-11-02 15:14:59,210.0900,210.2600,209.9500,210.1900,683200
2016-11-02 15:19:59,209.9500,210.1207,209.9100,210.0800,390200
2016-11-02 15:24:59,210.1895,210.1900,209.9492,209.9599,407900
2016-11-02 15:29:59,210.3300,210.4000,210.1600,210.1900,863100
2016-11-02 15:34:03,210.2600,210.3700,210.1800,210.3200,736500
2016-11-02 15:39:59,210.0450,210.2800,210.0300,210.2500,579300
2016-11-02 15:44:00,210.1300,210.1900,210.0450,210.0450,755300
2016-11-02 15:49:59,210.1200,210.2100,209.9300,210.1300,1140300
2016-11-02 15:54:59,209.8100,210.1700,209.8000,210.1000,1261600
2016-11-02 15:59:00,209.6900,209.9300,209.6000,209.7800,2215300
2016-11-02 16:00:00,209.6800,209.6800,209.6800,209.6800,600
2016-11-03 09:34:59,209.9600,210.0900,209.8000,209.9200,0
2016-11-03 09:39:58,210.1500,210.1700,209.9000,209.9800,911100
2016-11-03 09:44:00,209.9700,210.2400,209.9700,210.1500,1579200
2016-11-03 09:49:59,209.9610,210.0879,209.8900,209.9750,777000
2016-11-03 09:54:59,209.9300,210.0000,209.8500,209.9700,593600
2016-11-03 09:59:56,209.8600,210.0400,209.8400,209.9200,603200
2016-11-03 10:04:59,209.7800,209.9200,209.6539,209.8550,931600
2016-11-03 10:09:59,209.9200,210.0300,209.7200,209.7850,801800
2016-11-03 10:14:02,209.9900,210.0900,209.8500,209.9200,910800
2016-11-03 10:19:00,209.8000,209.9900,209.6400,209.9900,1033400
2016-11-03 10:24:59,209.9800,210.0900,209.8100,209.8100,660100
2016-11-03 10:29:00,210.0411,210.1500,209.9300,209.9700,437500
2016-11-03 10:34:59,210.1100,210.1410,209.9000,210.0233,488000
2016-11-03 10:39:59,210.0000,210.2000,209.9950,210.1200,473100
2016-11-03 10:44:00,210.1108,210.2000,209.9200,209.9900,609100
2016-11-03 10:49:59,210.0600,210.1600,209.9200,210.1200,483700
2016-11-03 10:54:00,210.0500,210.1100,209.9100,210.0599,479500
2016-11-03 10:59:59,209.9150,210.0500,209.8100,210.0450,495200
2016-11-03 11:04:56,209.9000,209.9500,209.7600,209.9200,1330200
2016-11-03 11:09:00,209.9900,210.0200,209.8900,209.9050,375700
2016-11-03 11:14:59,210.0500,210.0600,209.9600,209.9900,272000
2016-11-03 11:19:59,210.0050,210.0500,209.8700,210.0450,447800
2016-11-03 11:24:58,209.9050,210.0600,209.8850,210.0050,297400
2016-11-03 11:29:00,210.0200,210.0600,209.9000,209.9100,281600
2016-11-03 11:34:59,210.0400,210.0800,209.9300,210.0300,387100
2016-11-03 11:39:00,210.0200,210.1100,209.9600,210.0300,252600
2016-11-03 11:44:01,209.8250,210.0500,209.7950,210.0300,408500
2016-11-03 11:49:00,209.9250,209.9300,209.8200,209.8300,363900
2016-11-03 11:54:01,209.9450,209.9700,209.8700,209.9300,210500
2016-11-03 11:59:01,209.8400,209.9700,209.7800,209.9500,320000
2016-11-03 12:04:00,209.7900,209.8707,209.7600,209.8300,263600
2016-11-03 12:09:58,209.6400,209.8099,209.5200,209.7950,652900
2016-11-03 12:14:00,209.5500,209.6850,209.5400,209.6450,291900
2016-11-03 12:19:59,209.4700,209.5700,209.4100,209.5500,12050700
2016-11-03 12:24:59,209.4450,209.5100,209.3400,209.4700,432000
2016-11-03 12:29:59,209.4200,209.5500,209.3950,209.4450,477300
2016-11-03 12:34:04,209.3800,209.4455,209.3600,209.3850,300100
2016-11-03 12:39:59,209.2500,209.4100,209.1900,209.3700,579700
2016-11-03 12:44:59,209.1300,209.3400,209.0800,209.2582,938800
2016-11-03 12:49:59,209.1300,209.1600,209.0400,209.1375,606200
2016-11-03 12:54:00,209.2800,209.3800,209.1000,209.1300,1019400
2016-11-03 12:59:59,209.2900,209.3700,209.2700,209.2890,304300
2016-11-03 13:04:57,209.2290,209.3100,209.1600,209.3000,407100
2016-11-03 13:09:02,209.2000,209.2750,209.1400,209.2200,289500
2016-11-03 13:14:59,209.1700,209.2900,209.1300,209.2054,453000
2016-11-03 13:19:05,209.2000,209.2100,209.1100,209.1650,257700
2016-11-03 13:24:01,209.2200,209.2400,209.1100,209.2000,412800
2016-11-03 13:29:59,209.3900,209.5100,209.2300,209.2300,555100
2016-11-03 13:34:59,209.3200,209.4000,209.3050,209.3800,334800
2016-11-03 13:39:00,209.3150,209.3500,209.2200,209.3000,280400
2016-11-03 13:44:01,209.1800,209.3800,209.1500,209.3150,404100
2016-11-03 13:49:02,209.2700,209.2900,209.1400,209.1800,314200
2016-11-03 13:54:59,209.2799,209.3600,209.1000,209.2800,487300
2016-11-03 13:59:57,209.1700,209.2900,209.1000,209.2800,242400
2016-11-03 14:04:59,209.3400,209.3600,209.0900,209.1800,478600
2016-11-03 14:09:59,209.3300,209.3600,209.2100,209.3400,356400
2016-11-03 14:14:00,209.3700,209.4850,209.3100,209.3300,459500
2016-11-03 14:19:59,209.1800,209.3800,209.1400,209.3600,448800
2016-11-03 14:24:00,209.2465,209.3200,209.1400,209.1700,388600
2016-11-03 14:29:59,209.2450,209.2800,209.1400,209.2400,512200
2016-11-03 14:34:59,209.1463,209.2800,209.1400,209.2450,235700
2016-11-03 14:39:00,209.1300,209.3000,209.0900,209.1440,398300
2016-11-03 14:44:59,209.0500,209.1700,209.0500,209.1250,444700
2016-11-03 14:49:00,209.1800,209.1800,209.0100,209.0400,619000
2016-11-03 14:54:00,209.2000,209.2100,209.1000,209.1800,645300
2016-11-03 14:59:59,209.2900,209.3000,209.1500,209.2000,1580800
2016-11-03 15:04:59,209.1435,209.2900,209.1350,209.2850,850400
2016-11-03 15:09:00,209.0400,209.1800,209.0000,209.1500,706600
2016-11-03 15:14:00,209.1200,209.1350,209.0300,209.0400,619300
2016-11-03 15:19:59,208.9200,209.1800,208.8400,209.1200,800300
2016-11-03 15:24:00,208.9200,209.0000,208.8600,208.9100,592900
2016-11-03 15:29:00,208.9200,209.0400,208.9150,208.9200,1055600
2016-11-03 15:34:00,208.6500,208.9500,208.6300,208.9200,1090600
2016-11-03 15:39:59,208.6500,208.7900,208.6100,208.6500,765600
2016-11-03 15:44:02,208.4900,208.6500,208.4600,208.6450,3224200
2016-11-03 15:49:59,208.6026,208.7300,208.4700,208.4900,2520700
2016-11-03 15:54:00,208.7100,208.7150,208.5700,208.6200,1397500
2016-11-03 15:59:01,208.8500,208.9200,208.7100,208.7100,4942300
2016-11-03 16:00:00,208.8400,208.8400,208.8400,208.8400,400
2016-11-04 09:34:59,208.8800,208.9800,208.5100,208.8300,0
2016-11-04 09:39:00,209.1700,209.2500,208.8600,208.8700,1090100
2016-11-04 09:44:59,208.7500,209.1700,208.7300,209.1700,954900
2016-11-04 09:49:00,208.7400,208.9400,208.7000,208.7491,714800
2016-11-04 09:54:59,208.8800,208.9700,208.5300,208.7300,1058000
2016-11-04 09:59:59,208.5100,208.8800,208.4108,208.8800,940700
2016-11-04 10:04:59,208.9400,208.9900,208.5800,208.5800,902600
2016-11-04 10:09:59,208.8900,209.0500,208.8400,208.9400,875800
2016-11-04 10:14:59,208.8850,209.0700,208.8600,208.8900,787100
2016-11-04 10:19:59,209.0100,209.0600,208.7300,208.8800,729500
2016-11-04 10:24:59,209.0465,209.1300,208.9400,209.0100,1425300
2016-11-04 10:29:59,209.0975,209.1900,208.9100,209.0500,802300
2016-11-04 10:34:57,209.1800,209.3500,208.9800,209.0850,840800
2016-11-04 10:39:59,209.3400,209.3400,209.0900,209.1900,730900
2016-11-04 10:44:58,209.3500,209.4000,209.2400,209.3400,1486200
2016-11-04 10:49:59,209.2573,209.4000,209.2100,209.3400,563400
2016-11-04 10:54:00,209.3550,209.4399,209.2500,209.2500,565400
2016-11-04 10:59:58,209.2700,209.3800,209.2000,209.3500,10588200
2016-11-04 11:04:00,209.6200,209.6700,209.2200,209.2700,1255000
2016-11-04 11:09:00,209.4800,209.6800,209.4000,209.6200,755400
2016-11-04 11:14:59,209.6700,209.7000,209.3900,209.4750,694500
2016-11-04 11:19:00,209.6474,209.6900,209.5700,209.6700,717700
2016-11-04 11:24:59,209.6100,209.6600,209.5000,209.6499,544400
2016-11-04 11:29:59,209.6100,209.6700,209.5000,209.6100,647900
2016-11-04 11:34:00,209.4750,209.6350,209.3100,209.6100,645500
2016-11-04 11:39:02,209.3400,209.6230,209.2300,209.4700,493500
2016-11-04 11:44:03,209.4400,209.4600,209.3000,209.3450,526000
2016-11-04 11:49:59,209.4000,209.4700,209.3300,209.4400,1409700
2016-11-04 11:54:00,209.4100,209.4300,209.2600,209.4000,1656900
2016-11-04 11:59:01,209.4200,209.4700,209.3300,209.4150,463800
2016-11-04 12:04:58,209.5100,209.5400,209.4000,209.4100,477400
2016-11-04 12:09:58,209.5863,209.6000,209.4400,209.5100,955900
2016-11-04 12:14:59,209.7800,209.7800,209.5310,209.5811,589500
2016-11-04 12:19:59,209.7800,209.8900,209.7600,209.7800,615300
2016-11-04 12:24:01,209.7799,209.8200,209.7100,209.7800,349500
2016-11-04 12:29:59,209.7900,209.8700,209.7300,209.7800,8144200
2016-11-04 12:34:00,209.7400,209.8300,209.6900,209.7900,312100
2016-11-04 12:39:59,209.6450,209.7500,209.6450,209.7400,1918300
2016-11-04 12:44:00,209.6800,209.7457,209.6400,209.6400,180500
2016-11-04 12:49:00,209.7100,209.7500,209.6400,209.6800,218400
2016-11-04 12:54:01,209.6900,209.7800,209.6700,209.7200,264900
2016-11-04 12:59:00,209.7750,209.7900,209.6200,209.7000,389400
2016-11-04 13:04:58,209.7650,209.7800,209.7000,209.7800,297400
2016-11-04 13:09:03,209.8000,209.8600,209.7500,209.7600,376100
2016-11-04 13:14:01,209.8300,209.8500,209.7300,209.8200,245200
2016-11-04 13:19:02,209.8200,209.8800,209.7800,209.8350,351700
2016-11-04 13:24:59,209.7600,209.8300,209.7300,209.8100,385700
2016-11-04 13:29:01,209.6300,209.7650,209.6100,209.7600,2125800
2016-11-04 13:34:59,209.7400,209.7450,209.5900,209.6300,359600
2016-11-04 13:39:00,209.7900,209.8100,209.7100,209.7350,292700
2016-11-04 13:44:01,209.7400,209.8500,209.7200,209.7910,298600
2016-11-04 13:49:58,209.7500,209.7750,209.6800,209.7400,208500
2016-11-04 13:54:00,209.6315,209.7700,209.6300,209.7450,142800
2016-11-04 13:59:59,209.7100,209.7400,209.6400,209.6440,400600
2016-11-04 14:04:58,209.6400,209.7300,209.5700,209.7150,251700
2016-11-04 14:09:58,209.5700,209.6500,209.5650,209.6342,243200
2016-11-04 14:14:01,209.7000,209.7200,209.5400,209.5400,403000
2016-11-04 14:19:00,209.6700,209.7500,209.6700,209.7000,216800
2016-11-04 14:24:00,209.6600,209.7400,209.6400,209.6700,218300
2016-11-04 14:29:59,209.6400,209.6700,209.5700,209.6600,290000
2016-11-04 14:34:59,209.4650,209.6500,209.4400,209.6400,499900
2016-11-04 14:39:00,209.4000,209.4700,209.3400,209.4600,603400
2016-11-04 14:44:01,209.4440,209.4800,209.3800,209.4010,339600
2016-11-04 14:49:01,209.2000,209.4750,209.1700,209.4450,603800
2016-11-04 14:54:59,209.2000,209.3900,209.1900,209.1900,5235500
2016-11-04 14:59:59,209.2100,209.2600,209.1400,209.1900,781600
2016-11-04 15:04:59,209.0300,209.2100,209.0000,209.2000,799900
2016-11-04 15:09:59,208.8600,209.0400,208.8500,209.0300,963600
2016-11-04 15:14:59,209.0200,209.0700,208.8000,208.8600,937400
2016-11-04 15:19:59,208.9900,209.1250,208.9500,209.0200,3675600
2016-11-04 15:24:00,208.9800,209.0500,208.9300,208.9850,453500
2016-11-04 15:29:59,208.9600,209.0800,208.9250,208.9800,646700
2016-11-04 15:34:59,208.8300,208.9800,208.8200,208.9650,1453500
2016-11-04 15:39:59,208.7600,208.8700,208.6000,208.8400,998500
2016-11-04 15:44:59,208.7411,208.8000,208.6500,208.7600,952200
2016-11-04 15:49:59,208.6350,208.7450,208.4700,208.7450,1667800
2016-11-04 15:54:00,208.6050,208.6300,208.4050,208.5900,4592100
2016-11-04 15:59:59,208.5200,208.6800,208.4800,208.6050,2678800
2016-11-04 16:00:00,208.5100,208.5100,208.5100,208.5100,8500
2016-11-07 09:34:01,211.4300,211.5700,211.3000,211.5000,0
2016-11-07 09:39:00,211.7300,211.7600,211.4200,211.4200,1499000
2016-11-07 09:44:59,211.7900,211.7900,211.4030,211.7300,1164300
2016-11-07 09:49:59,211.6792,211.8400,211.6600,211.8350,1152300
2016-11-07 09:54:59,211.7110,211.7600,211.6400,211.6800,793100
2016-11-07 09:59:59,211.7589,211.7800,211.7000,211.7100,616000
2016-11-07 10:04:00,211.7700,211.9000,211.7592,211.7600,713000
2016-11-07 10:09:59,211.8300,211.8500,211.7500,211.7700,716700
2016-11-07 10:14:59,211.7850,211.8250,211.7300,211.8250,816400
2016-11-07 10:19:00,211.8200,211.8250,211.7100,211.7900,594200
2016-11-07 10:24:00,211.8500,211.8800,211.7600,211.8200,493200
2016-11-07 10:29:01,211.8550,211.8700,211.7700,211.8500,525000
2016-11-07 10:34:59,212.1500,212.1500,211.8400,211.8550,1096700
2016-11-07 10:39:00,212.1000,212.2300,212.0900,212.1500,7705700
2016-11-07 10:44:01,212.0700,212.1300,212.0400,212.1000,492800
2016-11-07 10:49:00,212.1199,212.1450,212.0700,212.0750,455400
2016-11-07 10:54:59,212.1200,212.1700,212.0200,212.1150,557000
2016-11-07 10:59:00,212.3400,212.3650,212.1100,212.1100,2493200
2016-11-07 11:04:00,212.3800,212.4200,212.3200,212.3400,1019600
2016-11-07 11:09:59,212.4700,212.5400,212.3700,212.3800,1610000
2016-11-07 11:14:59,212.5000,212.5700,212.4700,212.4700,611900
2016-11-07 11:19:59,212.4450,212.5000,212.4100,212.4900,561600
2016-11-07 11:24:59,212.3850,212.4600,212.3800,212.4400,434200
2016-11-07 11:29:00,212.4500,212.4800,212.3700,212.3800,441300
2016-11-07 11:34:00,212.5535,212.5700,212.4500,212.4500,581900
2016-11-07 11:39:59,212.6250,212.6400,212.5200,212.5550,655600
2016-11-07 11:44:00,212.7000,212.7400,212.5900,212.6300,760800
2016-11-07 11:49:59,212.6700,212.7900,212.6250,212.7000,793000
2016-11-07 11:54:00,212.7300,212.7800,212.6700,212.6800,396600
2016-11-07 11:59:59,212.7800,212.7800,212.7150,212.7400,1415500
2016-11-07 12:04:00,212.8300,212.9100,212.7900,212.8050,2004500
2016-11-07 12:09:59,212.8000,212.8900,212.7900,212.8300,5742000
2016-11-07 12:14:00,212.8600,212.8700,212.7900,212.8000,343500
2016-11-07 12:19:59,212.8150,212.8800,212.8100,212.8501,365700
2016-11-07 12:24:03,212.8050,212.8600,212.7793,212.8150,393900
2016-11-07 12:29:00,212.8350,212.8700,212.7800,212.8000,423300
2016-11-07 12:34:59,212.8000,212.8800,212.7900,212.8400,389100
2016-11-07 12:39:00,212.6700,212.8200,212.6600,212.8100,517800
2016-11-07 12:44:59,212.7211,212.7300,212.6450,212.6700,381100
2016-11-07 12:49:59,212.7000,212.7300,212.6650,212.7300,290600
2016-11-07 12:54:00,212.7250,212.7300,212.6400,212.7050,329900
2016-11-07 12:59:00,212.7750,212.7800,212.7200,212.7300,384300
2016-11-07 13:04:57,212.8000,212.8600,212.7675,212.7758,439800
2016-11-07 13:09:58,212.8000,212.8200,212.7500,212.7900,391100
2016-11-07 13:14:59,212.7265,212.8100,212.6900,212.8000,843200
2016-11-07 13:19:00,212.7200,212.7500,212.6800,212.7291,292800
2016-11-07 13:24:00,212.7500,212.7500,212.6650,212.7100,332600
2016-11-07 13:29:59,212.7300,212.7900,212.7100,212.7400,254800
2016-11-07 13:34:00,212.7456,212.8050,212.7150,212.7211,253100
2016-11-07 13:39:59,212.7950,212.8800,212.7400,212.7400,506200
2016-11-07 13:44:59,212.7700,212.8300,212.7600,212.8050,219800
2016-11-07 13:49:00,212.8200,212.8400,212.7600,212.7800,521400
2016-11-07 13:54:00,212.9197,212.9300,212.8150,212.8150,373400
2016-11-07 13:59:00,212.8900,212.9400,212.8600,212.9000,254100
2016-11-07 14:04:58,212.8750,212.9150,212.8250,212.8900,433700
2016-11-07 14:09:59,212.8151,212.8800,212.7800,212.8800,266500
2016-11-07 14:14:58,212.7700,212.8900,212.7600,212.8100,533500
2016-11-07 14:19:58,212.9200,212.9300,212.7700,212.7700,634300
2016-11-07 14:24:00,212.8400,212.9200,212.8400,212.9150,395600
2016-11-07 14:29:02,212.8400,212.8900,212.8200,212.8450,858300
2016-11-07 14:34:58,212.8100,212.9000,212.7800,212.8400,407500
2016-11-07 14:39:59,212.7700,212.8200,212.7500,212.8115,459500
2016-11-07 14:44:00,212.6250,212.7700,212.5800,212.7700,1259200
2016-11-07 14:49:59,212.4870,212.6499,212.4600,212.6300,1264200
2016-11-07 14:54:59,212.5250,212.5500,212.4600,212.4900,536000
2016-11-07 14:59:59,212.5700,212.5700,212.4900,212.5200,500700
2016-11-07 15:04:59,212.5100,212.5800,212.4100,212.5700,799600
2016-11-07 15:09:59,212.4400,212.5500,212.4100,212.5100,441800
2016-11-07 15:14:00,212.4700,212.5200,212.4300,212.4351,427600
2016-11-07 15:19:00,212.6050,212.6700,212.4500,212.4700,731300
2016-11-07 15:24:59,212.6250,212.6800,212.5700,212.6100,1136800
2016-11-07 15:29:59,212.5800,212.6300,212.5300,212.6200,842400
2016-11-07 15:34:58,212.4400,212.5900,212.3900,212.5900,1511400
2016-11-07 15:39:02,212.5600,212.5600,212.3900,212.4350,878700
2016-11-07 15:44:00,212.5700,212.6400,212.5400,212.5600,1220100
2016-11-07 15:49:00,213.0100,213.0300,212.5800,212.5800,2079800
2016-11-07 15:54:01,213.0700,213.1250,212.9400,213.0000,4510700
2016-11-07 15:59:00,213.1000,213.1900,212.9900,213.0700,11854800
2016-11-07 16:00:00,213.1500,213.1500,213.1500,213.1500,3313600
2016-11-08 09:34:59,212.5600,212.7650,212.5500,212.6800,0
2016-11-08 09:39:05,212.7200,212.7350,212.4250,212.5600,1250300
2016-11-08 09:44:58,212.6500,212.8900,212.6100,212.7100,1012800
2016-11-08 09:49:03,212.5250,212.7100,212.5000,212.6600,571300
2016-11-08 09:54:58,212.4900,212.5900,212.3800,212.5300,798500
2016-11-08 09:59:00,212.5550,212.5700,212.4200,212.4800,525300
2016-11-08 10:04:57,212.6600,212.7000,212.5100,212.5550,625800
2016-11-08 10:09:04,212.5500,212.6700,212.5200,212.6600,425200
2016-11-08 10:14:10,212.5300,212.6600,212.5100,212.5450,639800
2016-11-08 10:19:00,212.7097,212.7300,212.5192,212.5398,517400
2016-11-08 10:24:59,212.7600,212.8200,212.6700,212.6950,376900
2016-11-08 10:29:59,212.8000,212.8400,212.7300,212.7600,399200
2016-11-08 10:34:00,212.8000,212.9300,212.7500,212.7900,696200
2016-11-08 10:39:01,212.7800,212.8500,212.7700,212.8000,337600
2016-11-08 10:44:00,212.7200,212.7800,212.6900,212.7700,274800
2016-11-08 10:49:59,212.9300,212.9900,212.7250,212.7300,614900
2016-11-08 10:54:00,212.8800,213.0200,212.8800,212.9350,852100
2016-11-08 10:59:58,212.9900,213.0000,212.8700,212.8800,618500
2016-11-08 11:04:00,213.0100,213.0600,212.9500,212.9900,551100
2016-11-08 11:09:00,213.3400,213.3500,213.0100,213.0150,912400
2016-11-08 11:14:59,213.6100,213.6300,213.2900,213.3400,1071800
2016-11-08 11:19:00,213.7100,213.8000,213.6000,213.6000,978400
2016-11-08 11:24:59,213.7100,213.9200,213.6800,213.7200,1040900
2016-11-08 11:29:59,213.6950,213.7300,213.6250,213.7150,596100
2016-11-08 11:34:00,214.0140,214.0900,213.6700,213.6900,1164100
2016-11-08 11:39:59,213.9225,214.0500,213.8700,214.0100,730800
2016-11-08 11:44:00,213.9450,213.9700,213.8700,213.9200,417600
2016-11-08 11:49:01,213.9450,213.9800,213.8850,213.9450,376400
2016-11-08 11:54:01,213.9900,214.0300,213.9320,213.9500,620000
2016-11-08 11:59:00,214.1900,214.2000,213.9400,213.9888,489600
2016-11-08 12:04:59,214.1900,214.2700,214.1400,214.1900,723800
2016-11-08 12:09:01,214.3699,214.3800,214.1900,214.1900,1339600
2016-11-08 12:14:00,214.4200,214.4800,214.3400,214.3800,712600
2016-11-08 12:19:00,214.5000,214.5900,214.3800,214.4250,922500
2016-11-08 12:24:58,214.6100,214.6600,214.4550,214.5000,715100
2016-11-08 12:29:00,214.5200,214.6400,214.5100,214.6100,773500
2016-11-08 12:34:59,214.3500,214.5500,214.3400,214.5250,888200
2016-11-08 12:39:01,214.3980,214.4400,214.3500,214.3500,371500
2016-11-08 12:44:00,214.4750,214.4900,214.3600,214.3957,412600
2016-11-08 12:49:58,214.5655,214.5800,214.4300,214.4800,429200
2016-11-08 12:54:59,214.6600,214.6900,214.5300,214.5659,1386400
2016-11-08 12:59:00,214.7000,214.7500,214.6300,214.6600,1092100
2016-11-08 13:04:59,214.5900,214.7700,214.5600,214.7000,590400
2016-11-08 13:09:59,214.3200,214.6500,214.2300,214.5900,976900
2016-11-08 13:14:01,214.4800,214.5000,214.3100,214.3200,588000
2016-11-08 13:19:58,214.2900,214.4800,214.2100,214.4800,752500
2016-11-08 13:24:56,214.2800,214.3900,214.2600,214.2930,674800
2016-11-08 13:29:01,214.3300,214.3600,214.2700,214.2700,436000
2016-11-08 13:34:58,214.4638,214.5200,214.2800,214.3300,819900
2016-11-08 13:39:59,214.4700,214.5600,214.4000,214.4600,661000
2016-11-08 13:44:59,214.4750,214.5700,214.4450,214.4700,556100
2016-11-08 13:49:00,214.4500,214.5000,214.4000,214.4700,386200
2016-11-08 13:54:00,214.3500,214.4700,214.3300,214.4500,412300
2016-11-08 13:59:58,214.3400,214.3900,214.3000,214.3600,496200
2016-11-08 14:04:01,214.2900,214.3500,214.2200,214.3400,20992500
2016-11-08 14:09:59,214.2000,214.3200,214.2000,214.2800,780200
2016-11-08 14:14:59,213.9800,214.2200,213.9600,214.2100,626200
2016-11-08 14:19:59,214.0100,214.0200,213.8800,213.9700,804900
2016-11-08 14:24:59,214.0600,214.1900,213.9700,214.0100,1845200
2016-11-08 14:29:00,214.0500,214.0900,213.9700,214.0600,505000
2016-11-08 14:34:59,213.8800,214.0600,213.8700,214.0500,550200
2016-11-08 14:39:59,213.8799,213.8900,213.7700,213.8701,541400
2016-11-08 14:44:59,213.6900,213.9300,213.6800,213.8725,718900
2016-11-08 14:49:59,213.7800,213.7800,213.5700,213.6983,666700
2016-11-08 14:54:59,213.8900,213.9400,213.7500,213.7700,792500
2016-11-08 14:59:00,213.8700,213.9300,213.8100,213.8850,973300
2016-11-08 15:04:59,213.8500,213.8900,213.8000,213.8600,407900
2016-11-08 15:09:59,214.2250,214.2300,213.8550,213.8595,1683200
2016-11-08 15:14:00,214.1600,214.3100,214.1200,214.2249,745800
2016-11-08 15:19:00,214.1100,214.1800,214.0300,214.1650,553900
2016-11-08 15:24:59,214.2350,214.2600,214.1100,214.1100,806300
2016-11-08 15:29:59,214.2550,214.3100,214.2000,214.2350,724400
2016-11-08 15:34:59,214.4500,214.5100,214.2350,214.2550,1015700
2016-11-08 15:39:59,214.4800,214.5000,214.3600,214.4489,809900
2016-11-08 15:44:59,214.4000,214.5000,214.3500,214.4700,999700
2016-11-08 15:49:59,214.3500,214.5300,214.3400,214.4200,1444000
2016-11-08 15:54:59,213.9800,214.4100,213.9000,214.3700,2835800
2016-11-08 15:59:01,214.0300,214.0800,213.8400,213.9900,2423000
2016-11-08 16:00:00,214.0700,214.0700,214.0700,214.0700,500
2016-11-09 09:34:00,213.4300,213.9300,212.3900,212.7600,0
2016-11-09 09:39:58,212.9400,213.7400,212.9000,213.3801,36304500
2016-11-09 09:44:59,213.3700,213.3800,212.6300,212.9800,3502400
2016-11-09 09:49:59,214.1600,214.2800,213.2100,213.3600,2868300
2016-11-09 09:54:59,214.4700,214.5800,213.9600,214.1550,14515300
2016-11-09 09:59:59,214.4300,214.6300,214.1400,214.5000,3386300
2016-11-09 10:04:59,213.7500,214.4400,213.7400,214.3901,2698200
2016-11-09 10:09:59,213.5700,214.0100,213.5200,213.7900,2733100
2016-11-09 10:14:00,213.6300,213.7300,213.3300,213.5700,2660400
2016-11-09 10:19:00,213.1000,213.6800,213.0400,213.6200,1836600
2016-11-09 10:24:59,213.1240,213.3500,213.0400,213.1100,1229400
2016-11-09 10:29:00,213.5600,213.6400,213.0900,213.1200,1160600
2016-11-09 10:34:58,213.2800,213.6000,213.1550,213.5500,1479300
2016-11-09 10:39:00,213.1900,213.3350,213.0400,213.2800,1550800
2016-11-09 10:44:00,213.4070,213.5100,213.0962,213.1800,17597800
2016-11-09 10:49:59,213.2400,213.5000,213.2100,213.4000,950100
2016-11-09 10:54:58,213.6150,213.6700,213.2000,213.2500,1523900
2016-11-09 10:59:59,213.8200,213.9600,213.5900,213.6100,2867000
2016-11-09 11:04:00,214.0800,214.1400,213.7950,213.8000,1602700
2016-11-09 11:09:59,214.1960,214.3000,214.0300,214.0900,1430000
2016-11-09 11:14:00,214.6100,214.6300,214.1800,214.1900,1771300
2016-11-09 11:19:59,214.7100,214.8050,214.5600,214.6000,1808900
2016-11-09 11:24:59,214.8900,215.0250,214.6500,214.7392,1352700
2016-11-09 11:29:00,215.0700,215.0800,214.7400,214.8900,1192900
2016-11-09 11:34:00,215.6000,215.6300,215.0600,215.0650,2104000
2016-11-09 11:39:00,215.7800,215.8100,215.5500,215.6000,1890700
2016-11-09 11:44:01,215.6000,215.7700,215.4000,215.7700,1909000
2016-11-09 11:49:59,216.2000,216.2000,215.5500,215.6100,1552600
2016-11-09 11:54:00,216.2725,216.4500,216.0800,216.2200,1646800
2016-11-09 11:59:59,215.9900,216.2900,215.8800,216.2700,2271600
2016-11-09 12:04:59,215.6490,216.1000,215.6300,216.0177,1249800
2016-11-09 12:09:59,215.2600,215.7200,215.2100,215.6500,1245300
2016-11-09 12:14:59,215.3250,215.4600,215.0800,215.2600,1339300
2016-11-09 12:19:59,215.4700,215.6500,215.3200,215.3300,1047300
2016-11-09 12:24:59,215.4450,215.6500,215.4300,215.4800,697500
2016-11-09 12:29:58,215.5000,215.5800,215.3200,215.4500,773100
2016-11-09 12:34:00,215.7000,215.7900,215.3500,215.5000,1022200
2016-11-09 12:39:59,215.5950,215.9400,215.5100,215.7000,1078000
2016-11-09 12:44:59,215.7600,215.8200,215.5800,215.5907,938800
2016-11-09 12:49:00,215.6100,215.8000,214.8700,215.7600,727300
2016-11-09 12:54:59,215.6900,215.7500,215.5500,215.6093,540600
2016-11-09 12:59:59,215.9600,216.0300,215.6827,215.6934,959800
2016-11-09 13:04:59,215.8700,216.0800,215.7600,215.9610,1075300
2016-11-09 13:09:59,215.9300,216.1800,215.8300,215.8799,916200
2016-11-09 13:14:59,216.1900,216.2500,215.8600,215.9200,695500
2016-11-09 13:19:59,215.9200,216.2100,215.8100,216.1900,796000
2016-11-09 13:24:59,215.2300,215.9193,215.2200,215.9100,1302900
2016-11-09 13:29:59,215.3999,215.4900,215.2100,215.2350,1959700
2016-11-09 13:34:59,215.6500,215.6700,215.3100,215.4000,877900
2016-11-09 13:39:59,215.7200,215.7800,215.5910,215.6600,923400
2016-11-09 13:44:58,216.0600,216.0900,215.6700,215.7100,806800
2016-11-09 13:49:00,216.1100,216.1100,215.8800,216.0720,28554500
2016-11-09 13:54:59,216.1300,216.1650,216.0400,216.1100,694700
2016-11-09 13:59:00,215.8372,216.2100,215.7900,216.1300,884500
2016-11-09 14:04:00,215.8800,216.0400,215.7300,215.8350,1476000
2016-11-09 14:09:59,215.9400,216.0100,215.8600,215.8800,558900
2016-11-09 14:14:00,215.9800,216.2000,215.8700,215.9400,915500
2016-11-09 14:19:00,216.0000,216.1500,215.9100,216.0000,688500
2016-11-09 14:24:59,216.2000,216.2000,215.9700,216.0200,810200
2016-11-09 14:29:59,216.1301,216.3400,216.0400,216.2000,1058500
2016-11-09 14:34:01,216.4000,216.4900,216.1100,216.1300,1094100
2016-11-09 14:39:59,216.7100,216.7400,216.2300,216.3950,1086000
2016-11-09 14:44:59,216.8243,216.8525,216.7100,216.7192,6909700
2016-11-09 14:49:59,216.7200,216.9150,216.6100,216.8300,1197800
2016-11-09 14:54:00,216.5300,216.7200,216.4200,216.7200,1038700
2016-11-09 14:59:59,216.4500,216.5750,216.3800,216.5300,1036000
2016-11-09 15:04:59,216.6900,216.7100,216.4400,216.4450,1078000
2016-11-09 15:09:59,216.6320,216.7300,216.5300,216.6900,742500
2016-11-09 15:14:59,216.8050,216.8400,216.6100,216.6400,816800
2016-11-09 15:19:58,217.0400,217.0400,216.7000,216.8000,1500100
2016-11-09 15:24:59,216.9400,217.1000,216.8600,217.0500,1245900
2016-11-09 15:29:59,216.8700,217.1000,216.8300,216.9450,1220400
2016-11-09 15:34:59,216.5600,216.9192,216.4700,216.8700,1769700
2016-11-09 15:39:00,216.4300,216.6600,216.3600,216.5600,1514500
2016-11-09 15:44:00,216.5100,216.5400,216.3100,216.4311,2253200
2016-11-09 15:49:00,216.2700,216.5003,216.0400,216.4600,2515300
2016-11-09 15:54:00,216.3300,216.4900,216.3000,216.3200,17177900
2016-11-09 15:59:00,216.3300,216.5150,216.2000,216.3300,25232100
2016-11-09 16:00:00,216.3792,216.3792,216.3792,216.3792,0
2016-11-10 09:34:01,217.4100,217.5300,217.2501,217.3800,0
2016-11-10 09:39:59,217.7510,217.7900,217.4900,217.5150,1907400
2016-11-10 09:44:59,218.1900,218.2000,217.7600,217.7600,2123500
2016-11-10 09:49:00,218.1400,218.3100,218.1300,218.1900,1335500
2016-11-10 09:54:59,217.9100,218.1600,217.8000,218.1308,1660600
2016-11-10 09:59:59,217.5050,217.9400,217.3900,217.9200,1880800
2016-11-10 10:04:59,217.1850,217.7100,217.1400,217.5000,1946900
2016-11-10 10:09:59,217.0800,217.2900,217.0400,217.1900,1718300
2016-11-10 10:14:00,216.6100,217.1100,216.5300,217.0800,2015400
2016-11-10 10:19:59,216.5000,216.9800,216.4600,216.6200,1941600
2016-11-10 10:24:00,216.6800,216.8300,216.4900,216.5000,1614800
2016-11-10 10:29:59,215.9900,216.7000,215.9600,216.6700,2288300
2016-11-10 10:34:59,216.1300,216.3700,215.9700,215.9900,1970900
2016-11-10 10:39:02,215.3400,216.2100,215.2200,216.1300,24524100
2016-11-10 10:44:59,216.1301,216.1562,215.3400,215.3500,2429500
2016-11-10 10:49:00,216.1350,216.4900,216.0300,216.1400,2291600
2016-11-10 10:54:59,215.8250,216.3500,215.8100,216.1300,2521900
2016-11-10 10:59:59,215.4900,216.0800,215.4100,215.8266,1754500
2016-11-10 11:04:01,215.3700,215.9800,215.3000,215.4500,1669900
2016-11-10 11:09:00,215.5300,215.9000,215.3900,215.3990,1465300
2016-11-10 11:14:59,215.7300,215.7400,215.2500,215.5200,1580300
2016-11-10 11:19:59,215.8100,215.9800,215.6200,215.7300,1314900
2016-11-10 11:24:59,216.3100,216.3600,215.7900,215.8200,1778700
2016-11-10 11:29:59,216.0800,216.3800,215.9800,216.3150,1367700
2016-11-10 11:34:59,216.0500,216.2500,215.9300,216.0800,1059500
2016-11-10 11:39:00,216.0300,216.0900,215.8707,216.0500,1148600
2016-11-10 11:44:59,216.6000,216.6900,215.9600,216.0200,1643000
2016-11-10 11:49:59,216.4000,216.8800,216.3600,216.6240,1515900
2016-11-10 11:54:58,216.2300,216.5001,216.1000,216.4000,1084900
2016-11-10 11:59:59,216.0600,216.2300,215.8850,216.2300,1032300
2016-11-10 12:04:59,216.2750,216.4300,216.0200,216.0700,1057800
2016-11-10 12:09:59,216.2600,216.5800,216.2600,216.2800,1012500
2016-11-10 12:14:00,216.5700,216.6500,216.2500,216.2600,1416200
2016-11-10 12:19:00,216.5000,216.7250,216.4100,216.5700,902400
2016-11-10 12:24:01,216.5625,216.6100,216.3800,216.4800,695100
2016-11-10 12:29:00,216.5600,216.6000,216.3500,216.5600,535500
2016-11-10 12:34:01,216.5800,216.7000,216.5100,216.5600,648000
2016-11-10 12:39:00,216.4800,216.7050,216.4700,216.5800,564300
2016-11-10 12:44:59,216.3961,216.4799,216.1700,216.4700,748000
2016-11-10 12:49:01,216.5900,216.6700,216.3900,216.3950,592900
2016-11-10 12:54:59,216.9344,217.0700,216.5300,216.5800,1957800
2016-11-10 12:59:59,217.0800,217.1400,216.8750,216.9360,947900
2016-11-10 13:04:00,216.9600,217.2150,216.8900,217.1300,972200
2016-11-10 13:09:59,217.3408,217.3900,216.8900,216.9650,647700
2016-11-10 13:14:59,217.2000,217.4700,217.0700,217.3600,1012500
2016-11-10 13:19:00,217.2000,217.4000,217.1200,217.2000,820100
2016-11-10 13:24:59,217.1550,217.4800,217.1200,217.2000,29457800
2016-11-10 13:29:59,217.2100,217.2700,216.9900,217.1600,595400
2016-11-10 13:34:59,217.1800,217.4125,217.1000,217.2250,1025300
2016-11-10 13:39:00,217.3100,217.4400,217.1000,217.1800,582800
2016-11-10 13:44:00,217.3900,217.5850,217.2500,217.3000,743100
2016-11-10 13:49:00,217.8073,217.8200,217.2750,217.4000,835900
2016-11-10 13:54:59,217.9000,217.9600,217.6750,217.8100,802600
2016-11-10 13:59:00,217.6300,217.9000,217.5700,217.8900,927500
2016-11-10 14:04:59,217.6700,217.7100,217.5100,217.6350,683400
2016-11-10 14:09:59,217.6500,217.8500,217.5500,217.6600,620900
2016-11-10 14:14:59,217.5800,217.7800,216.0900,217.6500,613800
2016-11-10 14:19:59,217.4500,217.6100,217.3000,217.5800,861000
2016-11-10 14:24:00,217.4400,217.5350,217.3400,217.4500,608000
2016-11-10 14:29:59,217.4800,217.5800,217.3900,217.4400,526800
2016-11-10 14:34:59,217.2455,217.5600,217.1400,217.4700,968500
2016-11-10 14:39:59,217.3000,217.3000,217.1000,217.2475,6334700
2016-11-10 14:44:59,217.2850,217.3700,217.1900,217.3000,587500
2016-11-10 14:49:02,217.4500,217.6200,217.2400,217.2700,653400
2016-11-10 14:54:00,217.4600,217.5400,217.3700,217.4400,545100
2016-11-10 14:59:00,217.4950,217.5000,217.2300,217.4500,567700
2016-11-10 15:04:59,217.6500,217.6700,217.3300,217.5000,832800
2016-11-10 15:09:02,217.4400,217.6500,217.3200,217.6500,2464600
2016-11-10 15:14:00,217.3600,217.4600,217.2300,217.4400,632900
2016-11-10 15:19:59,217.2100,217.3600,217.1800,217.3600,540700
2016-11-10 15:24:57,217.1600,217.3200,217.1500,217.2100,1883300
2016-11-10 15:29:02,217.2200,217.2950,217.1000,217.1700,943200
2016-11-10 15:34:59,216.9100,217.2150,216.8700,217.2100,1036000
2016-11-10 15:39:00,216.9100,217.0750,216.7500,216.9100,894900
2016-11-10 15:44:59,216.8700,216.9200,216.7000,216.9200,1060900
2016-11-10 15:49:00,217.0000,217.0200,216.6700,216.8700,4788900
2016-11-10 15:54:01,216.8400,217.0400,216.7300,217.0100,1080800
2016-11-10 15:59:01,216.8900,217.0000,216.7200,216.8400,9702700
2016-11-10 16:00:00,216.9200,216.9200,216.9200,216.9200,1824500
2016-11-11 09:34:59,216.1000,216.6200,216.0800,216.2000,0
2016-11-11 09:39:59,216.1900,216.2500,215.9800,216.0900,1222000
2016-11-11 09:44:00,216.3800,216.5700,216.1300,216.1950,1210000
2016-11-11 09:49:54,216.3000,216.4300,216.1900,216.3800,965000
2016-11-11 09:54:59,216.0200,216.5100,216.0000,216.2750,996200
2016-11-11 09:59:00,216.0500,216.0800,215.8600,216.0200,1000000
2016-11-11 10:04:00,216.0900,216.3400,215.9100,216.0900,1382300
2016-11-11 10:09:00,216.3400,216.4600,216.1800,216.1800,1158300
2016-11-11 10:14:00,216.4600,216.5700,216.2500,216.3200,945000
2016-11-11 10:19:59,216.1292,216.5500,216.0800,216.4900,794000
2016-11-11 10:24:59,216.1800,216.2400,216.0600,216.1100,1490200
2016-11-11 10:29:01,215.8600,216.1900,215.7200,216.1900,1051600
2016-11-11 10:34:02,216.0100,216.0800,215.7300,215.8600,1135400
2016-11-11 10:39:59,215.9300,216.0900,215.7500,215.9701,794000
2016-11-11 10:44:59,216.1000,216.1150,215.7700,215.9300,719100
2016-11-11 10:49:59,215.7800,216.1900,215.7400,216.1000,834800
2016-11-11 10:54:59,215.7392,215.8100,215.5600,215.7800,931400
2016-11-11 10:59:00,215.6800,215.7700,215.4900,215.7400,781400
2016-11-11 11:04:57,215.7100,215.7600,215.4900,215.6250,756200
2016-11-11 11:09:59,215.6600,215.8400,215.6300,215.6900,735200
2016-11-11 11:14:01,215.5700,215.7100,215.4000,215.6800,866700
2016-11-11 11:19:59,215.5300,215.6100,215.4200,215.5500,744300
2016-11-11 11:24:59,215.4500,215.5300,215.3700,215.5300,674100
2016-11-11 11:29:00,215.5192,215.5599,215.3200,215.4200,825800
2016-11-11 11:34:59,215.6500,215.7400,215.5200,215.5300,842900
2016-11-11 11:39:59,215.8650,215.8800,215.6500,215.6500,1120700
2016-11-11 11:44:58,215.6800,215.9200,215.6800,215.8800,646700
2016-11-11 11:49:59,215.4300,215.7400,215.4000,215.6800,553800
2016-11-11 11:54:59,215.6600,215.6600,215.4100,215.4400,357000
2016-11-11 11:59:01,215.8200,215.9500,215.6000,215.6600,627600
2016-11-11 12:04:59,215.9200,216.0400,215.8000,215.8300,1090200
2016-11-11 12:09:00,216.1800,216.2300,215.8490,215.9300,1152200
2016-11-11 12:14:59,216.2000,216.2700,216.1000,216.1800,866300
2016-11-11 12:19:01,216.3350,216.4900,216.1700,216.2000,1195600
2016-11-11 12:24:59,216.2600,216.4100,216.1800,216.3300,486100
2016-11-11 12:29:00,216.3500,216.4100,216.2000,216.2600,519500
2016-11-11 12:34:59,216.3300,216.5600,216.3000,216.3600,816800
2016-11-11 12:39:01,216.4700,216.4900,216.2800,216.3300,351800
2016-11-11 12:44:00,216.4100,216.5850,216.3500,216.4700,508400
2016-11-11 12:49:00,216.2700,216.4500,216.2500,216.4100,342100
2016-11-11 12:54:59,216.2400,216.2750,216.1000,216.2600,497700
2016-11-11 12:59:00,216.1599,216.2500,216.0750,216.2400,315300
2016-11-11 13:04:00,216.2600,216.2800,216.1500,216.1600,317800
2016-11-11 13:09:57,216.2900,216.3300,216.1300,216.2700,300400
2016-11-11 13:14:57,216.3050,216.4000,216.2000,216.3000,18992900
2016-11-11 13:19:59,216.2100,216.4100,216.1900,216.3000,299500
2016-11-11 13:24:58,216.3700,216.4100,216.1650,216.2100,384800
2016-11-11 13:29:02,216.4500,216.4800,216.3399,216.3700,310500
2016-11-11 13:34:01,216.2900,216.5500,216.2600,216.4500,482100
2016-11-11 13:39:02,216.2400,216.4500,216.1800,216.2800,449200
2016-11-11 13:44:00,216.3250,216.3900,216.2300,216.2400,1487300
2016-11-11 13:49:59,216.3900,216.4100,216.2600,216.3200,509300
2016-11-11 13:54:59,216.3400,216.4000,216.2800,216.3800,188700
2016-11-11 13:59:00,216.1000,216.3700,216.0900,216.3600,472700
2016-11-11 14:04:59,216.0950,216.1600,215.9500,216.1000,713800
2016-11-11 14:09:59,216.1500,216.1909,216.0500,216.0950,274100
2016-11-11 14:14:00,216.1900,216.2100,216.0600,216.1500,308600
2016-11-11 14:19:59,216.3500,216.3500,216.1300,216.1800,402300
2016-11-11 14:24:59,216.2600,216.3800,216.1700,216.3433,360900
2016-11-11 14:29:58,216.0711,216.2800,216.0600,216.2600,642800
2016-11-11 14:34:00,216.1400,216.1800,216.0400,216.0700,470900
2016-11-11 14:39:01,215.9700,216.1600,215.9200,216.1200,409100
2016-11-11 14:44:00,216.0700,216.1300,215.9400,215.9600,297100
2016-11-11 14:49:59,215.9100,216.1289,215.9040,216.0800,536100
2016-11-11 14:54:00,215.9700,216.0200,215.8900,215.9100,396900
2016-11-11 14:59:00,215.8100,216.0500,215.8000,215.9600,436400
2016-11-11 15:04:00,215.9194,215.9400,215.7800,215.8050,511200
2016-11-11 15:09:59,216.0100,216.0100,215.9000,215.9100,371100
2016-11-11 15:14:00,216.1700,216.2500,215.9900,216.0000,619300
2016-11-11 15:19:01,216.1100,216.2300,216.0300,216.1700,450000
2016-11-11 15:24:02,216.1350,216.2000,216.0710,216.1100,379000
2016-11-11 15:29:59,216.1800,216.1800,216.0750,216.1350,316000
2016-11-11 15:34:00,216.3300,216.3300,216.1550,216.1800,791600
2016-11-11 15:39:00,216.1800,216.3400,216.1500,216.3300,520600
2016-11-11 15:44:59,216.3100,216.3300,216.1300,216.1700,783500
2016-11-11 15:49:59,216.4600,216.5700,216.3300,216.3400,2492900
2016-11-11 15:54:01,216.6200,216.6600,216.4400,216.4500,7943900
2016-11-11 15:59:01,216.4600,216.6900,216.4300,216.6200,3928900
2016-11-11 16:00:00,216.5000,216.5000,216.5000,216.5000,200
2016-11-14 09:34:01,216.8900,217.2200,216.7700,217.1700,0
2016-11-14 09:39:59,216.6400,217.0900,216.6200,216.9350,1174400
2016-11-14 09:44:00,216.7500,216.7800,216.5699,216.6200,1249400
2016-11-14 09:49:00,216.7880,216.9400,216.7200,216.7500,1010200
2016-11-14 09:54:00,216.9200,216.9900,216.7800,216.7900,774900
2016-11-14 09:59:00,216.5900,216.9600,216.4900,216.9000,778100
2016-11-14 10:04:58,216.5300,216.7500,216.5300,216.5900,678400
2016-11-14 10:09:59,216.8500,217.0440,216.5200,216.5300,954900
2016-11-14 10:14:00,217.0650,217.0900,216.7900,216.8550,783000
2016-11-14 10:19:59,217.1700,217.2700,217.0500,217.0700,928900
2016-11-14 10:24:00,217.0089,217.2300,216.9400,217.1700,691700
2016-11-14 10:29:59,216.7450,217.0400,216.5350,217.0100,1214900
2016-11-14 10:34:59,216.5300,216.8500,216.5000,216.7500,776800
2016-11-14 10:39:59,216.6000,216.8600,216.5400,216.5500,777400
2016-11-14 10:44:59,216.4900,216.6900,216.4300,216.6173,1048200
2016-11-14 10:49:59,216.3550,216.5925,216.3200,216.4800,1556200
2016-11-14 10:54:59,216.3800,216.4900,216.2800,216.3500,807300
2016-11-14 10:59:00,216.1850,216.4000,216.1600,216.3800,664500
2016-11-14 11:04:58,216.0410,216.2100,216.0100,216.1800,1156900
2016-11-14 11:09:02,216.1100,216.1500,215.9000,216.0400,1147200
2016-11-14 11:14:59,216.2800,216.2900,216.1100,216.1100,626900
2016-11-14 11:19:59,216.4300,216.4800,216.3000,216.3000,743700
2016-11-14 11:24:01,216.3200,216.4400,216.2700,216.4200,514600
2016-11-14 11:29:00,216.1800,216.3400,216.1700,216.3300,623000
2016-11-14 11:34:00,216.1300,216.2900,216.1100,216.1900,722600
2016-11-14 11:39:00,216.3300,216.4300,216.1100,216.1300,868900
2016-11-14 11:44:00,216.3200,216.3500,216.1400,216.3300,474000
2016-11-14 11:49:01,216.4500,216.5000,216.1700,216.3070,713600
2016-11-14 11:54:00,216.3950,216.5700,216.3400,216.4440,689000
2016-11-14 11:59:00,216.2700,216.3950,216.1900,216.3900,463200
2016-11-14 12:04:00,216.1600,216.3600,216.1500,216.3100,475400
2016-11-14 12:09:59,216.0600,216.2700,216.0300,216.1600,609300
2016-11-14 12:14:59,216.0300,216.0800,215.9400,216.0550,615200
2016-11-14 12:19:00,215.9800,216.0400,215.8100,216.0250,588000
2016-11-14 12:24:00,215.9000,216.0400,215.8800,215.9801,423000
2016-11-14 12:29:59,215.9200,215.9600,215.7900,215.9100,528300
2016-11-14 12:34:59,215.8100,215.9800,215.7700,215.9200,605200
2016-11-14 12:39:02,216.0300,216.0400,215.7200,215.8100,17376000
2016-11-14 12:44:59,215.9300,216.1000,215.8900,216.0400,541000
2016-11-14 12:49:00,215.9900,216.1500,215.8800,215.9200,604100
2016-11-14 12:54:00,216.0100,216.1200,215.9500,215.9800,1087600
2016-11-14 12:59:00,216.1200,216.1500,215.8900,216.0100,526000
2016-11-14 13:04:00,216.0500,216.2100,216.0300,216.1200,768000
2016-11-14 13:09:00,216.2900,216.3200,215.9500,216.0400,553000
2016-11-14 13:14:59,216.3500,216.3500,216.2600,216.3000,567800
2016-11-14 13:19:00,216.3600,216.4600,216.2800,216.3500,551100
2016-11-14 13:24:00,216.2900,216.4400,216.2900,216.3600,377200
2016-11-14 13:29:59,216.3755,216.4100,216.2200,216.2900,395100
2016-11-14 13:34:00,216.4650,216.7100,216.3800,216.3900,899400
2016-11-14 13:39:01,216.5500,216.6500,216.4700,216.4700,412100
2016-11-14 13:44:01,216.4495,216.5700,216.4050,216.5500,522600
2016-11-14 13:49:02,216.4000,216.4800,216.2700,216.4489,4088800
2016-11-14 13:54:59,216.4200,216.4400,216.2950,216.3950,486000
2016-11-14 13:59:59,216.3300,216.4700,216.2200,216.4200,455200
2016-11-14 14:04:59,216.2500,216.4600,216.2400,216.3300,502000
2016-11-14 14:09:00,216.3400,216.3800,216.2100,216.2500,508000
2016-11-14 14:14:59,216.4100,216.4200,216.3150,216.3350,257400
2016-11-14 14:19:01,216.4100,216.5500,216.3200,216.4100,519400
2016-11-14 14:24:59,216.3400,216.4300,216.3100,216.4000,353500
2016-11-14 14:29:59,216.3200,216.4400,216.2500,216.3400,373200
2016-11-14 14:34:59,216.3200,216.4200,216.2100,216.3127,398000
2016-11-14 14:39:58,216.3200,216.3850,216.2400,216.3200,651300
2016-11-14 14:44:00,216.2000,216.4173,216.1200,216.3100,375500
2016-11-14 14:49:59,216.4800,216.4800,216.1600,216.2000,476300
2016-11-14 14:54:57,216.4900,216.5700,216.4299,216.4700,543600
2016-11-14 14:59:00,216.7900,216.8000,216.4600,216.4600,665000
2016-11-14 15:04:59,216.7500,216.8600,216.6410,216.7700,562100
2016-11-14 15:09:00,216.6699,216.7675,216.6300,216.7550,482600
2016-11-14 15:14:00,216.7650,216.8300,216.6400,216.6600,522700
2016-11-14 15:19:00,216.8050,216.8708,216.7541,216.7600,628200
2016-11-14 15:24:01,216.7700,216.8275,216.7000,216.8050,505900
2016-11-14 15:29:00,216.7700,216.7900,216.6800,216.7700,463600
2016-11-14 15:34:59,216.8650,216.8900,216.7600,216.7600,571100
2016-11-14 15:39:59,216.6900,216.8700,216.6900,216.8600,506300
2016-11-14 15:44:59,216.4300,216.7000,216.3300,216.7000,1233700
2016-11-14 15:49:00,216.4000,216.4500,216.2700,216.4200,1193200
2016-11-14 15:54:00,216.4450,216.4900,216.3300,216.3800,1425800
2016-11-14 15:59:03,216.5500,216.6300,216.4200,216.4400,6082900
2016-11-14 16:00:00,216.5900,216.5900,216.5900,216.5900,938200
2016-11-15 09:34:02,217.0200,217.1500,216.9400,216.9700,0
2016-11-15 09:39:04,217.1800,217.2400,216.9900,217.0400,1105000
2016-11-15 09:44:59,216.9200,217.1900,216.8600,217.1800,910400
2016-11-15 09:49:57,216.8500,216.9300,216.8000,216.9250,788800
2016-11-15 09:54:57,216.9700,217.0200,216.8200,216.8300,706300
2016-11-15 09:59:59,216.9599,217.0066,216.8300,216.9600,799000
2016-11-15 10:04:59,217.1000,217.1800,216.9400,216.9600,780600
2016-11-15 10:09:59,217.1830,217.2000,217.0850,217.1200,693500
2016-11-15 10:14:02,217.2900,217.3900,217.1810,217.1810,978300
2016-11-15 10:19:59,217.3200,217.4300,217.2800,217.2900,647400
2016-11-15 10:24:59,217.3700,217.4100,217.2300,217.3200,596600
2016-11-15 10:29:00,217.2300,217.3600,217.1900,217.3350,536400
2016-11-15 10:34:59,217.1400,217.2600,217.1089,217.2500,708500
2016-11-15 10:39:00,217.0500,217.2700,217.0500,217.1400,525500
2016-11-15 10:44:00,217.1300,217.1500,217.0300,217.0500,500900
2016-11-15 10:49:56,217.1600,217.1950,217.0800,217.1400,567000
2016-11-15 10:54:00,217.1800,217.2100,217.0500,217.1600,444100
2016-11-15 10:59:59,217.2800,217.2800,217.1800,217.2000,328000
2016-11-15 11:04:59,217.2800,217.3400,217.2100,217.2750,578000
2016-11-15 11:09:10,217.3482,217.4100,217.2700,217.2800,552200
2016-11-15 11:14:57,217.3150,217.4100,217.2600,217.3650,553000
2016-11-15 11:19:58,217.2950,217.4600,217.2800,217.3300,505800
2016-11-15 11:24:57,217.3000,217.3650,217.2200,217.3100,503400
2016-11-15 11:29:00,217.2473,217.3100,217.2100,217.2800,699000
2016-11-15 11:34:59,217.3100,217.3400,217.1800,217.2700,454000
2016-11-15 11:39:00,217.2550,217.4000,217.2500,217.3200,377500
2016-11-15 11:44:08,217.2100,217.3100,217.2100,217.2500,428700
2016-11-15 11:49:59,217.1700,217.2700,217.0900,217.2200,512000
2016-11-15 11:54:01,217.2100,217.2500,217.1400,217.1700,361200
2016-11-15 11:59:59,217.2499,217.2800,217.1800,217.2100,605900
2016-11-15 12:04:59,217.2800,217.2900,217.1500,217.2400,1859800
2016-11-15 12:09:00,217.3500,217.3800,217.2900,217.2900,380200
2016-11-15 12:14:58,217.3650,217.4200,217.3150,217.3500,10196800
2016-11-15 12:19:58,217.3300,217.3500,217.2900,217.3300,1017500
2016-11-15 12:24:00,217.3300,217.3500,217.2600,217.3300,320800
2016-11-15 12:29:00,217.2500,217.3300,217.2400,217.3200,335800
2016-11-15 12:34:00,217.3300,217.3600,217.2300,217.2500,237000
2016-11-15 12:39:02,217.2700,217.3200,217.2100,217.3200,278700
2016-11-15 12:44:00,217.0200,217.2900,217.0200,217.2800,350800
2016-11-15 12:49:00,217.0700,217.1300,217.0000,217.0200,529200
2016-11-15 12:54:00,217.1100,217.1400,217.0100,217.0800,438300
2016-11-15 12:59:59,217.0489,217.1500,217.0489,217.1200,353500
2016-11-15 13:04:58,217.1100,217.1500,217.0600,217.0600,350900
2016-11-15 13:09:00,217.1900,217.2600,217.1100,217.1100,308200
2016-11-15 13:14:00,217.1900,217.2400,217.1400,217.1900,242700
2016-11-15 13:19:58,217.1700,217.2500,217.1500,217.2000,314000
2016-11-15 13:24:00,217.2000,217.2200,217.1200,217.1800,396200
2016-11-15 13:29:01,217.1683,217.2700,217.1600,217.2100,270000
2016-11-15 13:34:07,217.2800,217.3300,217.1500,217.1600,360900
2016-11-15 13:39:59,217.2700,217.3000,217.2100,217.2800,280000
2016-11-15 13:44:00,217.3050,217.3300,217.2400,217.2700,295700
2016-11-15 13:49:00,217.3500,217.3700,217.2900,217.3000,394400
2016-11-15 13:54:00,217.4100,217.4300,217.3400,217.3456,519100
2016-11-15 13:59:59,217.4050,217.4300,217.3500,217.4100,290500
2016-11-15 14:04:02,217.3400,217.5500,217.3400,217.4000,550300
2016-11-15 14:09:02,217.4300,217.4300,217.3300,217.3300,240400
2016-11-15 14:14:00,217.6000,217.6500,217.3800,217.4200,582500
2016-11-15 14:19:01,217.5650,217.6500,217.5600,217.6100,442400
2016-11-15 14:24:02,217.5150,217.5900,217.5100,217.5700,273500
2016-11-15 14:29:59,217.5900,217.6200,217.5100,217.5200,595300
2016-11-15 14:34:00,217.7100,217.7800,217.5800,217.5900,1236700
2016-11-15 14:39:59,217.8300,217.8600,217.6950,217.7050,558400
2016-11-15 14:44:59,217.9000,217.9400,217.7700,217.8300,492500
2016-11-15 14:49:00,217.8400,217.9400,217.8400,217.9000,710200
2016-11-15 14:54:00,218.0100,218.0100,217.8200,217.8400,614200
2016-11-15 14:59:59,218.0601,218.1400,218.0000,218.0000,1414800
2016-11-15 15:04:59,218.0399,218.2089,218.0100,218.0600,1695500
2016-11-15 15:09:59,217.9900,218.0700,217.9300,218.0400,612800
2016-11-15 15:14:00,218.0300,218.0500,217.9600,217.9990,419200
2016-11-15 15:19:59,217.9579,218.0800,217.9400,218.0250,453600
2016-11-15 15:24:59,217.9600,218.0700,217.9400,217.9500,2500300
2016-11-15 15:29:59,218.0850,218.1500,217.9500,217.9600,687300
2016-11-15 15:34:59,218.0300,218.1400,218.0200,218.0800,715600
2016-11-15 15:39:59,218.1700,218.1810,217.9900,218.0250,1265200
2016-11-15 15:44:59,218.1700,218.2700,218.1600,218.1800,13180200
2016-11-15 15:49:59,218.1000,218.1800,218.0800,218.1500,977400
2016-11-15 15:54:59,218.1000,218.1100,218.0300,218.0900,1147900
2016-11-15 15:59:00,218.2500,218.2800,218.0300,218.1050,2696600
2016-11-15 16:00:00,218.2500,218.2500,218.2500,218.2500,600
2016-11-16 09:34:59,217.6508,217.7100,217.5400,217.5600,0
2016-11-16 09:39:59,217.7700,217.8600,217.6600,217.6600,1000500
2016-11-16 09:44:59,217.9810,217.9900,217.7800,217.7900,679600
2016-11-16 09:49:00,217.9095,218.0400,217.8200,217.9900,695300
2016-11-16 09:54:00,217.7400,217.9000,217.7300,217.9000,579000
2016-11-16 09:59:00,217.5700,217.8200,217.5400,217.7400,781100
2016-11-16 10:04:01,217.6700,217.7300,217.5200,217.5800,1361700
2016-11-16 10:09:00,217.7150,217.7600,217.5800,217.6800,1513400
2016-11-16 10:14:59,217.7100,217.8300,217.6700,217.7200,698900
2016-11-16 10:19:59,217.6699,217.7500,217.6400,217.7200,383500
2016-11-16 10:24:00,217.8911,217.9100,217.6500,217.6700,536700
2016-11-16 10:29:59,217.7700,217.9300,217.7700,217.9000,863300
2016-11-16 10:34:01,217.9900,218.0000,217.6950,217.7200,474200
2016-11-16 10:39:59,217.9500,218.1100,217.9400,218.0000,924200
2016-11-16 10:44:59,218.0200,218.1400,217.7000,217.9600,719500
2016-11-16 10:49:58,217.9500,218.0800,217.9200,218.0250,1550300
2016-11-16 10:54:59,217.8983,218.0050,217.8700,217.9500,367500
2016-11-16 10:59:59,217.9500,217.9850,217.8600,217.9000,989000
2016-11-16 11:04:58,217.7100,217.9900,217.6100,217.9500,502800
2016-11-16 11:09:00,217.8000,217.8100,217.6900,217.7070,527300
2016-11-16 11:14:59,217.7800,217.8400,217.7300,217.8000,424200
2016-11-16 11:19:59,217.7600,217.8100,217.7000,217.7800,365000
2016-11-16 11:24:00,217.7100,217.7800,217.6600,217.7600,503400
2016-11-16 11:29:59,217.8700,217.8900,217.6800,217.7100,428900
2016-11-16 11:34:59,217.9000,217.9000,217.7550,217.8700,7895700
2016-11-16 11:39:57,217.7900,217.9500,217.7400,217.9300,456600
2016-11-16 11:44:00,217.6100,217.8600,217.6100,217.7800,398200
2016-11-16 11:49:00,217.6900,217.7400,217.5600,217.6100,976700
2016-11-16 11:54:56,217.6800,217.7600,217.5900,217.6970,561400
2016-11-16 11:59:59,217.6900,217.7500,217.6500,217.6900,336100
2016-11-16 12:04:00,217.6250,217.7100,217.5800,217.6900,294300
2016-11-16 12:09:00,217.5700,217.6600,217.5500,217.6300,359700
2016-11-16 12:14:00,217.6200,217.6700,217.5700,217.5700,584400
2016-11-16 12:19:57,217.4462,217.6350,217.4200,217.6300,363700
2016-11-16 12:24:00,217.5800,217.6000,217.4400,217.4400,408800
2016-11-16 12:29:00,217.6600,217.7100,217.5600,217.5801,1545200
2016-11-16 12:34:00,217.7300,217.7700,217.6600,217.6600,302800
2016-11-16 12:39:59,217.7100,217.7600,217.6700,217.7250,283500
2016-11-16 12:44:00,217.6500,217.7500,217.6200,217.7000,307700
2016-11-16 12:49:05,217.6100,217.6800,217.5600,217.6500,746500
2016-11-16 12:54:00,217.6700,217.6700,217.5800,217.6200,197200
2016-11-16 12:59:02,217.6800,217.7800,217.6590,217.6600,282700
2016-11-16 13:04:01,217.5950,217.7500,217.5600,217.6886,241000
2016-11-16 13:09:02,217.5450,217.6100,217.5000,217.5900,249500
2016-11-16 13:14:01,217.6600,217.6600,217.5400,217.5500,201300
2016-11-16 13:19:59,217.5599,217.6600,217.5200,217.6550,231800
2016-11-16 13:24:00,217.5425,217.5750,217.4400,217.5500,452000
2016-11-16 13:29:58,217.6150,217.6400,217.5400,217.5500,260300
2016-11-16 13:34:58,217.6500,217.6600,217.5700,217.6200,319900
2016-11-16 13:39:56,217.7400,217.7500,217.5800,217.6600,273200
2016-11-16 13:44:01,217.7150,217.7500,217.6600,217.7400,240900
2016-11-16 13:49:59,217.6500,217.7600,217.6500,217.7150,1516800
2016-11-16 13:54:57,217.7358,217.7400,217.6500,217.6590,207000
2016-11-16 13:59:59,217.7100,217.7700,217.6900,217.7389,632500
2016-11-16 14:04:00,217.7800,217.7800,217.6700,217.7150,209300
2016-11-16 14:09:58,217.7800,217.8400,217.7200,217.7800,658000
2016-11-16 14:14:59,217.7800,217.7800,217.6900,217.7700,797000
2016-11-16 14:19:04,217.7354,217.8000,217.7200,217.7800,273200
2016-11-16 14:24:59,217.7300,217.7800,217.7048,217.7400,318000
2016-11-16 14:29:02,217.7600,217.8300,217.6900,217.7300,926900
2016-11-16 14:34:00,217.8000,217.8400,217.7200,217.7600,306100
2016-11-16 14:39:01,217.7900,217.8100,217.7600,217.8000,695000
2016-11-16 14:44:01,217.7900,217.9100,217.7600,217.7900,434000
2016-11-16 14:49:04,217.8200,217.8500,217.7900,217.8100,232400
2016-11-16 14:54:58,217.7700,217.8500,217.7500,217.8200,277400
2016-11-16 14:59:00,217.8700,217.9600,217.7600,217.7800,1973900
2016-11-16 15:04:00,217.9050,217.9900,217.8500,217.8750,325300
2016-11-16 15:09:59,217.9800,217.9950,217.8900,217.9000,384700
2016-11-16 15:14:59,217.9600,218.0300,217.9400,217.9800,305900
2016-11-16 15:19:59,218.0500,218.0800,217.9400,217.9650,305000
2016-11-16 15:24:59,217.9800,218.0650,217.9650,218.0500,440600
2016-11-16 15:29:59,217.8700,217.9700,217.8400,217.9700,612100
2016-11-16 15:34:59,217.8200,217.8900,217.8200,217.8700,1017300
2016-11-16 15:39:01,217.8500,217.8700,217.8000,217.8250,375200
2016-11-16 15:44:00,217.8800,217.9900,217.8500,217.8550,546500
2016-11-16 15:49:59,217.8100,217.9000,217.8100,217.8800,527200
2016-11-16 15:54:59,217.8000,217.8500,217.7000,217.8100,1275500
2016-11-16 15:59:00,217.9300,217.9700,217.7800,217.8100,9631900
2016-11-16 16:00:00,217.8700,217.8700,217.8700,217.8700,2144500
2016-11-17 09:34:03,218.1401,218.3100,217.9289,217.9600,0
2016-11-17 09:39:59,218.3200,218.3900,218.2000,218.2100,3127500
2016-11-17 09:44:59,218.3100,218.4700,218.2910,218.3400,804400
2016-11-17 09:49:59,218.4300,218.4800,218.2800,218.3550,614000
2016-11-17 09:54:59,218.4100,218.5000,218.4018,218.4200,644200
2016-11-17 09:59:59,218.5808,218.6500,218.4200,218.4400,643000
2016-11-17 10:04:01,218.5200,218.6100,218.4600,218.6100,811300
2016-11-17 10:09:59,218.4900,218.5900,218.4500,218.5200,2012200
2016-11-17 10:14:59,218.4327,218.5400,218.3700,218.5100,670900
2016-11-17 10:19:59,218.4500,218.5200,218.3100,218.4000,606700
2016-11-17 10:24:59,218.3500,218.4700,218.3500,218.4408,611200
2016-11-17 10:29:03,218.3500,218.4100,218.3000,218.3600,770700
2016-11-17 10:34:02,218.2300,218.3400,218.1000,218.3400,735000
2016-11-17 10:39:58,218.3200,218.3400,218.1950,218.2050,431700
2016-11-17 10:44:59,218.3500,218.3790,218.2100,218.3000,593600
2016-11-17 10:49:00,218.3200,218.3700,218.2800,218.3500,404600
2016-11-17 10:54:58,218.2773,218.3556,218.2300,218.3100,339300
2016-11-17 10:59:02,218.2700,218.4900,218.2700,218.2765,556000
2016-11-17 11:04:59,218.3150,218.3600,218.2500,218.2600,315000
2016-11-17 11:09:59,218.4550,218.4600,218.3150,218.3150,399200
2016-11-17 11:14:02,218.5150,218.6300,218.4500,218.4799,541300
2016-11-17 11:19:58,218.5550,218.5800,218.4985,218.5400,273800
2016-11-17 11:24:06,218.5400,218.6100,218.5200,218.5500,426500
2016-11-17 11:29:00,218.4800,218.5450,218.4800,218.5450,312000
2016-11-17 11:34:59,218.5600,218.5750,218.3700,218.5050,476500
2016-11-17 11:39:59,218.6700,218.6800,218.5600,218.5700,446800
2016-11-17 11:44:01,218.7450,218.7600,218.6400,218.6800,500300
2016-11-17 11:49:00,218.8300,218.8900,218.7301,218.7500,631400
2016-11-17 11:54:59,218.8100,218.8500,218.7800,218.8250,347100
2016-11-17 11:59:04,218.8050,218.8200,218.7600,218.8150,284400
2016-11-17 12:04:02,218.8600,218.8700,218.7870,218.8000,317000
2016-11-17 12:09:59,218.8500,218.9100,218.8500,218.8700,303400
2016-11-17 12:14:59,218.9100,218.9300,218.8000,218.8600,617600
2016-11-17 12:19:00,218.9000,218.9900,218.8750,218.9300,508200
2016-11-17 12:24:59,219.0400,219.0400,218.8950,218.8950,507400
2016-11-17 12:29:04,219.0000,219.0600,218.9500,219.0400,484200
2016-11-17 12:34:59,218.9800,219.0200,218.9250,219.0100,345600
2016-11-17 12:39:54,218.9800,218.9900,218.9200,218.9900,313900
2016-11-17 12:44:00,218.9600,219.0000,218.9400,218.9800,410800
2016-11-17 12:49:00,218.8300,218.9825,218.7600,218.9650,613200
2016-11-17 12:54:59,218.7600,218.8700,218.7400,218.8300,579400
2016-11-17 12:59:59,218.8301,218.8400,218.7400,218.7600,277800
2016-11-17 13:04:00,218.8800,218.9100,218.8100,218.8200,375700
2016-11-17 13:09:59,218.8400,218.9300,218.8200,218.8800,6959100
2016-11-17 13:14:01,218.9000,218.9000,218.8200,218.8300,1152600
2016-11-17 13:19:03,218.9159,218.9400,218.8700,218.8950,214900
2016-11-17 13:24:57,218.8700,218.9100,218.8500,218.9100,694800
2016-11-17 13:29:01,218.8550,218.8900,218.8000,218.8700,221100
2016-11-17 13:34:59,218.9500,218.9500,218.8600,218.8600,224600
2016-11-17 13:39:59,218.8900,218.9800,218.8800,218.9500,274200
2016-11-17 13:44:00,218.8950,218.9600,218.8600,218.9000,308200
2016-11-17 13:49:59,218.9000,218.9200,218.8300,218.9000,247900
2016-11-17 13:54:59,218.8600,218.9200,218.8500,218.9100,296600
2016-11-17 13:59:59,218.7000,218.8800,218.7000,218.8700,2668600
2016-11-17 14:04:59,218.6300,218.7400,218.6300,218.7200,565200
2016-11-17 14:09:01,218.7100,218.7200,218.5800,218.6300,508400
2016-11-17 14:14:00,218.6850,218.7700,218.6600,218.7000,380100
2016-11-17 14:19:01,218.7850,218.8300,218.6700,218.6800,568100
2016-11-17 14:24:57,218.7350,218.8000,218.6800,218.7800,375100
2016-11-17 14:29:59,218.7000,218.7600,218.6500,218.7400,762800
2016-11-17 14:34:01,218.6700,218.7000,218.5500,218.6800,307800
2016-11-17 14:39:02,218.7050,218.7100,218.6100,218.6600,432000
2016-11-17 14:44:00,218.6550,218.7400,218.6400,218.7000,387600
2016-11-17 14:49:00,218.6700,218.7400,218.6100,218.6500,331700
2016-11-17 14:54:00,218.6000,218.6900,218.5800,218.6800,435300
2016-11-17 14:59:08,218.7100,218.7200,218.5900,218.6000,303200
2016-11-17 15:04:59,218.7400,218.7700,218.6500,218.7100,3416100
2016-11-17 15:09:58,218.7400,218.7840,218.7200,218.7408,259800
2016-11-17 15:14:01,218.8500,218.8599,218.7425,218.7500,367400
2016-11-17 15:19:02,218.7750,218.8600,218.7600,218.8600,291700
2016-11-17 15:24:00,218.7900,218.8100,218.7050,218.7800,589400
2016-11-17 15:29:04,218.8200,218.8807,218.7800,218.7900,406200
2016-11-17 15:34:59,218.8700,218.8900,218.8000,218.8300,438500
2016-11-17 15:39:01,218.8700,218.9100,218.8100,218.8800,448700
2016-11-17 15:44:06,218.8700,218.9025,218.8300,218.8750,751200
2016-11-17 15:49:01,218.8900,218.9600,218.8400,218.8700,632000
2016-11-17 15:54:59,218.8500,218.9200,218.8400,218.9000,1497200
2016-11-17 15:59:01,218.9600,218.9800,218.8400,218.8600,6328500
2016-11-17 16:00:00,218.9900,218.9900,218.9900,218.9900,1146900
2016-11-18 09:34:59,219.1400,219.2700,219.0300,219.1150,0
2016-11-18 09:39:59,218.9900,219.1450,218.8661,219.1320,950800
2016-11-18 09:44:59,218.8470,219.0000,218.8101,218.9800,5684100
2016-11-18 09:49:05,218.9800,219.0000,218.8492,218.8800,1109200
2016-11-18 09:54:59,218.9600,219.0900,218.9200,218.9800,651300
2016-11-18 09:59:58,218.8500,219.0300,218.8500,218.9700,418700
2016-11-18 10:04:01,218.9500,218.9900,218.8500,218.8700,1440300
2016-11-18 10:09:59,219.0300,219.0900,218.9000,218.9550,632300
2016-11-18 10:14:02,219.0050,219.0200,218.9300,219.0100,282500
2016-11-18 10:19:59,218.8200,219.0000,218.8000,218.9801,531700
2016-11-18 10:24:00,218.7761,218.9000,218.7400,218.8300,2082600
2016-11-18 10:29:02,218.8400,218.8700,218.7350,218.7800,948700
2016-11-18 10:34:59,218.4908,218.8800,218.4800,218.8600,1030800
2016-11-18 10:39:59,218.6200,218.6400,218.4600,218.5100,1617300
2016-11-18 10:44:59,218.5150,218.6400,218.5100,218.6100,1429600
2016-11-18 10:49:01,218.5200,218.5600,218.4300,218.5200,3695400
2016-11-18 10:54:56,218.4500,218.5200,218.3800,218.5200,1496800
2016-11-18 10:59:59,218.4400,218.4790,218.3600,218.4400,401700
2016-11-18 11:04:01,218.3892,218.4692,218.3300,218.4100,476400
2016-11-18 11:09:03,218.4300,218.4600,218.2900,218.4100,1563700
2016-11-18 11:14:59,218.4700,218.4800,218.3700,218.4401,450100
2016-11-18 11:19:01,218.5359,218.5500,218.4100,218.4600,5209800
2016-11-18 11:24:59,218.4800,218.5800,218.4600,218.5325,336900
2016-11-18 11:29:59,218.5400,218.5700,218.4600,218.4882,852400
2016-11-18 11:34:58,218.4200,218.5400,218.4000,218.5400,670800
2016-11-18 11:39:59,218.4800,218.4900,218.3900,218.4200,307700
2016-11-18 11:44:02,218.5200,218.5400,218.4700,218.4900,1154300
2016-11-18 11:49:00,218.4000,218.5400,218.4000,218.5150,307500
2016-11-18 11:54:01,218.3900,218.4700,218.3600,218.4000,399300
2016-11-18 11:59:59,218.3700,218.4100,218.3200,218.3700,454600
2016-11-18 12:04:00,218.3800,218.4500,218.3400,218.3600,3804300
2016-11-18 12:09:58,218.3500,218.4200,218.3500,218.3850,252000
2016-11-18 12:14:57,218.4000,218.4100,218.3300,218.3600,215000
2016-11-18 12:19:00,218.3600,218.4100,218.3400,218.3900,382900
2016-11-18 12:24:57,218.3900,218.4000,218.3300,218.3600,683600
2016-11-18 12:29:59,218.4550,218.4900,218.3900,218.3900,433600
2016-11-18 12:34:03,218.4600,218.5064,218.4500,218.4500,232900
2016-11-18 12:39:59,218.4199,218.4900,218.3900,218.4685,379900
2016-11-18 12:44:59,218.4440,218.4800,218.3900,218.4199,337400
2016-11-18 12:49:58,218.4900,218.5000,218.4150,218.4500,196500
2016-11-18 12:54:02,218.5100,218.5500,218.4800,218.4800,289100
2016-11-18 12:59:58,218.6000,218.6100,218.4900,218.5000,276700
2016-11-18 13:04:56,218.5500,218.6000,218.5499,218.5993,264500
2016-11-18 13:09:59,218.5700,218.6000,218.5300,218.5500,260500
2016-11-18 13:14:59,218.5900,218.6200,218.5400,218.5600,271000
2016-11-18 13:19:00,218.6250,218.6500,218.5600,218.6000,1294900
2016-11-18 13:24:00,218.6800,218.6900,218.6100,218.6200,182300
2016-11-18 13:29:00,218.6200,218.6900,218.6200,218.6700,192500
2016-11-18 13:34:00,218.6650,218.6900,218.6300,218.6400,172600
2016-11-18 13:39:00,218.7200,218.7400,218.6501,218.6666,214500
2016-11-18 13:44:00,218.6900,218.7300,218.6400,218.7185,896400
2016-11-18 13:49:00,218.7100,218.7500,218.6700,218.6900,2222500
2016-11-18 13:54:02,218.6600,218.7300,218.6600,218.7200,300100
2016-11-18 13:59:58,218.5800,218.6900,218.5800,218.6600,205700
2016-11-18 14:04:01,218.5600,218.6500,218.5400,218.5800,275500
2016-11-18 14:09:01,218.5400,218.6000,218.5300,218.5500,269300
2016-11-18 14:14:59,218.5300,218.5700,218.5000,218.5300,324800
2016-11-18 14:19:01,218.5500,218.5800,218.5200,218.5250,236900
2016-11-18 14:24:59,218.5600,218.5700,218.5100,218.5500,374800
2016-11-18 14:29:00,218.4874,218.6000,218.4500,218.5500,840600
2016-11-18 14:34:01,218.4650,218.5200,218.4300,218.4897,275900
2016-11-18 14:39:01,218.5100,218.5300,218.4600,218.4600,327600
2016-11-18 14:44:00,218.6000,218.6100,218.4900,218.5100,420600
2016-11-18 14:49:58,218.5690,218.6000,218.5400,218.5944,225900
2016-11-18 14:54:59,218.5500,218.5800,218.5100,218.5700,197600
2016-11-18 14:59:59,218.4900,218.5500,218.4900,218.5500,308000
2016-11-18 15:04:59,218.5600,218.5900,218.4900,218.5000,357200
2016-11-18 15:09:00,218.5190,218.5800,218.4400,218.5600,407300
2016-11-18 15:14:00,218.5600,218.5900,218.5101,218.5200,282500
2016-11-18 15:19:00,218.6900,218.7000,218.5600,218.5700,434900
2016-11-18 15:24:58,218.6800,218.7400,218.6499,218.6900,420300
2016-11-18 15:29:59,218.7304,218.7750,218.6700,218.6700,594400
2016-11-18 15:34:59,218.6922,218.7800,218.6700,218.7300,455400
2016-11-18 15:39:58,218.7000,218.7600,218.6499,218.6950,547900
2016-11-18 15:44:59,218.7400,218.7900,218.6950,218.7150,1084100
2016-11-18 15:49:59,218.6800,218.7400,218.6700,218.7300,580000
2016-11-18 15:54:59,218.5100,218.6900,218.5100,218.6700,982500
2016-11-18 15:59:01,218.5100,218.5600,218.2900,218.5100,16628900
2016-11-18 16:00:00,218.5200,218.5200,218.5000,218.5000,0
